{
    "ego": {
        "base_type": "car",
        "bbx_loc": [
            -0.00632022600620985,
            0.0001474706659791991,
            0.7488588690757751
        ],
        "bike_lane_left": false,
        "bike_lane_right": false,
        "brake": 0.0,
        "center": [
            -1003.5595092773438,
            6485.51416015625,
            364.7154235839844
        ],
        "class": "ego_vehicle",
        "color": "0,0,0",
        "distance_to_junction": 1242.0096435546875,
        "distance_to_junction_ego": 1242.0096435546875,
        "ego_lane_number": 2,
        "extent": [
            2.44619083404541,
            0.9183566570281982,
            0.7451388239860535
        ],
        "hazard_detected_10": false,
        "hazard_detected_15": false,
        "hazard_detected_20": false,
        "hazard_detected_40": false,
        "id": "45850",
        "is_in_junction": false,
        "junction_id": -1,
        "lane_change": 3,
        "lane_change_str": "Both",
        "lane_id": -4,
        "lane_type": 2,
        "lane_type_str": "Driving",
        "left_lane_marking_color": 0,
        "left_lane_marking_color_str": "White",
        "left_lane_marking_type": 1,
        "left_lane_marking_type_str": "Broken",
        "location": [
            -1003.5789794921875,
            6485.51416015625,
            363.966796875
        ],
        "next_junction_id": 19540,
        "next_junction_id_ego": 19540,
        "next_next_road_ids": [
            625
        ],
        "next_next_road_ids_ego": [
            625
        ],
        "next_road_ids": [
            19541
        ],
        "next_road_ids_ego": [
            19541
        ],
        "num_lanes_opposite_direction": 0,
        "num_lanes_same_direction": 4,
        "parking_left": false,
        "parking_right": false,
        "position": [
            -9.834203410719056e-06,
            0.00018051530150842154,
            1.8192059911825709e-06
        ],
        "right_lane_marking_color": 0,
        "right_lane_marking_color_str": "White",
        "right_lane_marking_type": 1,
        "right_lane_marking_type_str": "Broken",
        "road_id": 837,
        "rotation": [
            1.0069679021835327,
            0.0002568037307355553,
            -179.5652618408203
        ],
        "section_id": 0,
        "semantic_tags": [
            [
                14
            ]
        ],
        "shoulder_left": true,
        "shoulder_right": true,
        "sidewalk_left": false,
        "sidewalk_right": false,
        "speed": -3.444214249482136e-05,
        "type_id": "vehicle.lincoln.mkz_2020",
        "virtual_steer": 0.055945112006176086,
        "world2ego": [
            [
                -0.9998167753219604,
                -0.007586339488625526,
                0.017573999240994453,
                -960.5901489257812
            ],
            [
                0.007587432395666838,
                -0.9999712109565735,
                -4.481378255150048e-06,
                6492.94384765625
            ],
            [
                0.01757352612912655,
                0.0001288609637413174,
                0.999845564365387,
                -347.1098937988281
            ],
            [
                0.0,
                0.0,
                0.0,
                1.0
            ]
        ],
        "world_cord": [
            [
                -1005.9851684570312,
                6484.5771484375,
                365.5034484863281
            ],
            [
                -1006.0113525390625,
                6484.5771484375,
                364.0133972167969
            ],
            [
                -1005.9991455078125,
                6486.4140625,
                365.5034484863281
            ],
            [
                -1006.0253295898438,
                6486.4140625,
                364.0133972167969
            ],
            [
                -1001.0936889648438,
                6484.6142578125,
                365.4174499511719
            ],
            [
                -1001.119873046875,
                6484.6142578125,
                363.9273986816406
            ],
            [
                -1001.1076049804688,
                6486.451171875,
                365.41748046875
            ],
            [
                -1001.1337890625,
                6486.451171875,
                363.92742919921875
            ]
        ],
        "yaw": -3.1340050413280482
    },
    "measuerments": {
        "acceleration": [
            0.17187628149986267,
            0.0006087716319598258,
            9.816140174865723
        ],
        "angular_velocity": [
            0.0009510181262157857,
            -0.0006162374629639089,
            -0.000822512898594141
        ],
        "bounding_boxes": [
            {
                "base_type": "car",
                "bbx_loc": [
                    -0.00632022600620985,
                    0.0001474706659791991,
                    0.7488588690757751
                ],
                "bike_lane_left": false,
                "bike_lane_right": false,
                "brake": 0.0,
                "center": [
                    -1003.5595092773438,
                    6485.51416015625,
                    364.7154235839844
                ],
                "class": "ego_vehicle",
                "color": "0,0,0",
                "distance_to_junction": 1242.0096435546875,
                "distance_to_junction_ego": 1242.0096435546875,
                "ego_lane_number": 2,
                "extent": [
                    2.44619083404541,
                    0.9183566570281982,
                    0.7451388239860535
                ],
                "hazard_detected_10": false,
                "hazard_detected_15": false,
                "hazard_detected_20": false,
                "hazard_detected_40": false,
                "id": "45850",
                "is_in_junction": false,
                "junction_id": -1,
                "lane_change": 3,
                "lane_change_str": "Both",
                "lane_id": -4,
                "lane_type": 2,
                "lane_type_str": "Driving",
                "left_lane_marking_color": 0,
                "left_lane_marking_color_str": "White",
                "left_lane_marking_type": 1,
                "left_lane_marking_type_str": "Broken",
                "location": [
                    -1003.5789794921875,
                    6485.51416015625,
                    363.966796875
                ],
                "next_junction_id": 19540,
                "next_junction_id_ego": 19540,
                "next_next_road_ids": [
                    625
                ],
                "next_next_road_ids_ego": [
                    625
                ],
                "next_road_ids": [
                    19541
                ],
                "next_road_ids_ego": [
                    19541
                ],
                "num_lanes_opposite_direction": 0,
                "num_lanes_same_direction": 4,
                "parking_left": false,
                "parking_right": false,
                "position": [
                    -9.834203410719056e-06,
                    0.00018051530150842154,
                    1.8192059911825709e-06
                ],
                "right_lane_marking_color": 0,
                "right_lane_marking_color_str": "White",
                "right_lane_marking_type": 1,
                "right_lane_marking_type_str": "Broken",
                "road_id": 837,
                "rotation": [
                    1.0069679021835327,
                    0.0002568037307355553,
                    -179.5652618408203
                ],
                "section_id": 0,
                "semantic_tags": [
                    [
                        14
                    ]
                ],
                "shoulder_left": true,
                "shoulder_right": true,
                "sidewalk_left": false,
                "sidewalk_right": false,
                "speed": -3.444214249482136e-05,
                "type_id": "vehicle.lincoln.mkz_2020",
                "virtual_steer": 0.055945112006176086,
                "world2ego": [
                    [
                        -0.9998167753219604,
                        -0.007586339488625526,
                        0.017573999240994453,
                        -960.5901489257812
                    ],
                    [
                        0.007587432395666838,
                        -0.9999712109565735,
                        -4.481378255150048e-06,
                        6492.94384765625
                    ],
                    [
                        0.01757352612912655,
                        0.0001288609637413174,
                        0.999845564365387,
                        -347.1098937988281
                    ],
                    [
                        0.0,
                        0.0,
                        0.0,
                        1.0
                    ]
                ],
                "world_cord": [
                    [
                        -1005.9851684570312,
                        6484.5771484375,
                        365.5034484863281
                    ],
                    [
                        -1006.0113525390625,
                        6484.5771484375,
                        364.0133972167969
                    ],
                    [
                        -1005.9991455078125,
                        6486.4140625,
                        365.5034484863281
                    ],
                    [
                        -1006.0253295898438,
                        6486.4140625,
                        364.0133972167969
                    ],
                    [
                        -1001.0936889648438,
                        6484.6142578125,
                        365.4174499511719
                    ],
                    [
                        -1001.119873046875,
                        6484.6142578125,
                        363.9273986816406
                    ],
                    [
                        -1001.1076049804688,
                        6486.451171875,
                        365.41748046875
                    ],
                    [
                        -1001.1337890625,
                        6486.451171875,
                        363.92742919921875
                    ]
                ],
                "yaw": -3.1340050413280482
            },
            {
                "base_type": "car",
                "bbx_loc": [
                    -0.0025907682720571756,
                    -3.6229191664460814e-06,
                    0.7203726172447205
                ],
                "brake": 0.0,
                "center": [
                    -1071.2625732421875,
                    6481.86083984375,
                    366.9482421875
                ],
                "class": "vehicle",
                "color": "187,187,187",
                "color_name": null,
                "color_rgb": null,
                "distance": 67.81313210513584,
                "distance_to_junction": null,
                "extent": [
                    2.3368194103240967,
                    0.9059062600135803,
                    0.7209736704826355
                ],
                "id": "45851",
                "is_in_junction": false,
                "junction_id": -1,
                "lane_id": -5,
                "lane_relative_to_ego": 1,
                "lane_type": 2,
                "lane_type_str": "Driving",
                "light_state": "NONE",
                "location": [
                    -1071.2935791015625,
                    6481.85986328125,
                    366.2285461425781
                ],
                "next_junction_id": -1,
                "next_next_road_ids": [],
                "next_road_ids": [
                    837
                ],
                "num_points": 4,
                "position": [
                    67.76965350605724,
                    3.140582104099849,
                    1.0709466103248388
                ],
                "road_id": 837,
                "rotation": [
                    2.2629849910736084,
                    -0.0015563956694677472,
                    -178.17828369140625
                ],
                "same_direction_as_ego": true,
                "same_road_as_ego": true,
                "section_id": 0,
                "semantic_tags": [
                    14
                ],
                "speed": 0.0,
                "state": "dynamic",
                "steer": 0.0,
                "type_id": "vehicle.mercedes.coupe_2020",
                "vehicle_cuts_in": false,
                "world2vehicle": [
                    [
                        -0.9987151622772217,
                        -0.031764790415763855,
                        0.039486270397901535,
                        -878.4832153320312
                    ],
                    [
                        0.031790655106306076,
                        -0.9994945526123047,
                        2.7143045372213237e-05,
                        6512.630859375
                    ],
                    [
                        0.03946544975042343,
                        0.0012824025470763445,
                        0.9992201328277588,
                        -331.9761962890625
                    ],
                    [
                        0.0,
                        0.0,
                        0.0,
                        1.0
                    ]
                ],
                "world_cord": [
                    [
                        -1073.5391845703125,
                        6480.88232421875,
                        367.7609558105469
                    ],
                    [
                        -1073.5960693359375,
                        6480.88037109375,
                        366.32012939453125
                    ],
                    [
                        -1073.5966796875,
                        6482.69287109375,
                        367.76092529296875
                    ],
                    [
                        -1073.6536865234375,
                        6482.69140625,
                        366.3200988769531
                    ],
                    [
                        -1068.8714599609375,
                        6481.03076171875,
                        367.576416015625
                    ],
                    [
                        -1068.9283447265625,
                        6481.02880859375,
                        366.1355895996094
                    ],
                    [
                        -1068.9290771484375,
                        6482.84130859375,
                        367.57635498046875
                    ],
                    [
                        -1068.9859619140625,
                        6482.83984375,
                        366.13555908203125
                    ]
                ],
                "yaw": -3.1340050413280482
            },
            {
                "affects_ego": false,
                "center": [
                    -976.2241821289062,
                    6476.02001953125,
                    365.7204895019531
                ],
                "class": "traffic_sign",
                "distance": 28.924930001302325,
                "extent": [
                    0.4216393828392029,
                    0.024460453540086746,
                    0.8112266063690186
                ],
                "id": "43956",
                "lane_id": -5,
                "location": [
                    -976.2241821289062,
                    6476.02001953125,
                    365.7204895019531
                ],
                "position": [
                    -27.24694995671598,
                    9.701592629806328,
                    2.2329204356351084
                ],
                "road_id": 837,
                "rotation": [
                    0.0,
                    0.0,
                    -89.56560516357422
                ],
                "section_id": 0,
                "semantic_tags": [
                    6,
                    8
                ],
                "trigger_volume_extent": [
                    1.2361327409744263,
                    6.484062194824219,
                    1.2440234422683716
                ],
                "trigger_volume_location": [
                    -975.1185302734375,
                    6487.47998046875,
                    363.5212707519531
                ],
                "trigger_volume_rotation": [
                    0.0,
                    0.0,
                    0.0
                ],
                "type_id": "traffic.speed_limit.120",
                "world2sign": [
                    [
                        0.0075815944001078606,
                        -0.9999712705612183,
                        0.0,
                        6483.2353515625
                    ],
                    [
                        0.9999712705612183,
                        0.0075815944001078606,
                        -0.0,
                        927.1299438476562
                    ],
                    [
                        0.0,
                        0.0,
                        1.0,
                        -363.5404968261719
                    ],
                    [
                        0.0,
                        0.0,
                        0.0,
                        1.0
                    ]
                ],
                "yaw": -3.1340050413280482
            }
        ],
        "brake": 0.0,
        "changed_route": false,
        "command": 4,
        "command_far": 4,
        "command_near": 4,
        "control_brake": false,
        "next_command": 4,
        "only_ap_brake": false,
        "reverse": false,
        "sensors": {
            "CAM_BACK": {
                "cam2ego": [
                    [
                        -1.0,
                        -1.2246467991473532e-16,
                        0.0,
                        -2.0
                    ],
                    [
                        1.2246467991473532e-16,
                        -1.0,
                        -0.0,
                        0.0
                    ],
                    [
                        0.0,
                        -0.0,
                        1.0,
                        1.6
                    ],
                    [
                        0.0,
                        0.0,
                        0.0,
                        1.0
                    ]
                ],
                "fov": 110.0,
                "image_size_x": 1600,
                "image_size_y": 900,
                "intrinsic": [
                    [
                        560.1660305677678,
                        0.0,
                        800.0
                    ],
                    [
                        0.0,
                        560.1660305677678,
                        450.0
                    ],
                    [
                        0.0,
                        0.0,
                        1.0
                    ]
                ],
                "location": [
                    -1001.5512084960938,
                    6485.52978515625,
                    365.5314025878906
                ],
                "rotation": [
                    -1.0069679021835327,
                    -0.00025716438540257514,
                    0.4347492754459381
                ],
                "world2cam": [
                    [
                        0.9998167753219604,
                        0.0075865620747208595,
                        -0.017573999240994453,
                        958.588623046875
                    ],
                    [
                        -0.007587654981762171,
                        0.9999712109565735,
                        4.487671958486317e-06,
                        -6492.9443359375
                    ],
                    [
                        0.01757352612912655,
                        0.00012885859177913517,
                        0.999845564365387,
                        -348.7098693847656
                    ],
                    [
                        0.0,
                        0.0,
                        0.0,
                        1.0
                    ]
                ]
            },
            "CAM_BACK_LEFT": {
                "cam2ego": [
                    [
                        -0.3420201433256687,
                        0.9396926207859084,
                        0.0,
                        -0.32
                    ],
                    [
                        -0.9396926207859084,
                        -0.3420201433256687,
                        0.0,
                        -0.55
                    ],
                    [
                        0.0,
                        -0.0,
                        1.0,
                        1.6
                    ],
                    [
                        0.0,
                        0.0,
                        0.0,
                        1.0
                    ]
                ],
                "fov": 70.0,
                "image_size_x": 1600,
                "image_size_y": 900,
                "intrinsic": [
                    [
                        1142.5184053936916,
                        0.0,
                        800.0
                    ],
                    [
                        0.0,
                        1142.5184053936916,
                        450.0
                    ],
                    [
                        0.0,
                        0.0,
                        1.0
                    ]
                ],
                "location": [
                    -1003.2350463867188,
                    6486.06689453125,
                    365.5609436035156
                ],
                "rotation": [
                    -0.34414589405059814,
                    -0.9463395476341248,
                    70.43756866455078
                ],
                "world2cam": [
                    [
                        0.3348277509212494,
                        0.9422601461410522,
                        -0.006006442476063967,
                        -5773.45556640625
                    ],
                    [
                        -0.9421154856681824,
                        0.33488163352012634,
                        0.016515692695975304,
                        -3123.265625
                    ],
                    [
                        0.017573527991771698,
                        0.00012884987518191338,
                        0.999845564365387,
                        -348.7098388671875
                    ],
                    [
                        0.0,
                        0.0,
                        0.0,
                        1.0
                    ]
                ]
            },
            "CAM_BACK_RIGHT": {
                "cam2ego": [
                    [
                        -0.3420201433256687,
                        -0.9396926207859084,
                        0.0,
                        -0.32
                    ],
                    [
                        0.9396926207859084,
                        -0.3420201433256687,
                        -0.0,
                        0.55
                    ],
                    [
                        0.0,
                        -0.0,
                        1.0,
                        1.6
                    ],
                    [
                        0.0,
                        0.0,
                        0.0,
                        1.0
                    ]
                ],
                "fov": 70.0,
                "image_size_x": 1600,
                "image_size_y": 900,
                "intrinsic": [
                    [
                        1142.5184053936916,
                        0.0,
                        800.0
                    ],
                    [
                        0.0,
                        1142.5184053936916,
                        450.0
                    ],
                    [
                        0.0,
                        0.0,
                        1.0
                    ]
                ],
                "location": [
                    -1003.2266845703125,
                    6484.966796875,
                    365.5609436035156
                ],
                "rotation": [
                    -0.3446308374404907,
                    0.9461637735366821,
                    -69.56812286376953
                ],
                "world2cam": [
                    [
                        0.3490871787071228,
                        -0.9370709657669067,
                        -0.006014906335622072,
                        6429.2861328125
                    ],
                    [
                        0.9369254112243652,
                        0.3491389751434326,
                        -0.01651262491941452,
                        -1318.169677734375
                    ],
                    [
                        0.017573539167642593,
                        0.000128826592117548,
                        0.999845564365387,
                        -348.7096862792969
                    ],
                    [
                        0.0,
                        0.0,
                        0.0,
                        1.0
                    ]
                ]
            },
            "CAM_FRONT": {
                "cam2ego": [
                    [
                        1.0,
                        0.0,
                        -0.0,
                        0.8
                    ],
                    [
                        0.0,
                        1.0,
                        0.0,
                        0.0
                    ],
                    [
                        0.0,
                        -0.0,
                        1.0,
                        1.6
                    ],
                    [
                        0.0,
                        0.0,
                        0.0,
                        1.0
                    ]
                ],
                "fov": 70.0,
                "image_size_x": 1600,
                "image_size_y": 900,
                "intrinsic": [
                    [
                        1142.5184053936916,
                        0.0,
                        800.0
                    ],
                    [
                        0.0,
                        1142.5184053936916,
                        450.0
                    ],
                    [
                        0.0,
                        0.0,
                        1.0
                    ]
                ],
                "location": [
                    -1004.3507080078125,
                    6485.5087890625,
                    365.58062744140625
                ],
                "rotation": [
                    1.0069679021835327,
                    0.0002568037307355553,
                    -179.5652618408203
                ],
                "world2cam": [
                    [
                        -0.9998167753219604,
                        -0.007586339488625526,
                        0.017573999240994453,
                        -961.39013671875
                    ],
                    [
                        0.007587432395666838,
                        -0.9999712109565735,
                        -4.481378255150048e-06,
                        6492.9443359375
                    ],
                    [
                        0.01757352612912655,
                        0.0001288609637413174,
                        0.999845564365387,
                        -348.70989990234375
                    ],
                    [
                        0.0,
                        0.0,
                        0.0,
                        1.0
                    ]
                ]
            },
            "CAM_FRONT_LEFT": {
                "cam2ego": [
                    [
                        0.5735764363510462,
                        0.8191520442889918,
                        0.0,
                        0.27
                    ],
                    [
                        -0.8191520442889918,
                        0.5735764363510462,
                        0.0,
                        -0.55
                    ],
                    [
                        0.0,
                        -0.0,
                        1.0,
                        1.6
                    ],
                    [
                        0.0,
                        0.0,
                        0.0,
                        1.0
                    ]
                ],
                "fov": 70.0,
                "image_size_x": 1600,
                "image_size_y": 900,
                "intrinsic": [
                    [
                        1142.5184053936916,
                        0.0,
                        800.0
                    ],
                    [
                        0.0,
                        1142.5184053936916,
                        450.0
                    ],
                    [
                        0.0,
                        0.0,
                        1.0
                    ]
                ],
                "location": [
                    -1003.824951171875,
                    6486.0625,
                    365.5712890625
                ],
                "rotation": [
                    0.5777588486671448,
                    -0.8247402310371399,
                    125.43055725097656
                ],
                "world2cam": [
                    [
                        -0.5796862840652466,
                        0.8147773742675781,
                        0.010083623230457306,
                        -5870.287109375
                    ],
                    [
                        -0.8146502375602722,
                        -0.5797739028930664,
                        0.01439320296049118,
                        2937.421875
                    ],
                    [
                        0.017573479562997818,
                        0.00012891553342342377,
                        0.999845564365387,
                        -348.7102966308594
                    ],
                    [
                        0.0,
                        0.0,
                        0.0,
                        1.0
                    ]
                ]
            },
            "CAM_FRONT_RIGHT": {
                "cam2ego": [
                    [
                        0.5735764363510462,
                        -0.8191520442889918,
                        -0.0,
                        0.27
                    ],
                    [
                        0.8191520442889918,
                        0.5735764363510462,
                        0.0,
                        0.55
                    ],
                    [
                        0.0,
                        -0.0,
                        1.0,
                        1.6
                    ],
                    [
                        0.0,
                        0.0,
                        0.0,
                        1.0
                    ]
                ],
                "fov": 70.0,
                "image_size_x": 1600,
                "image_size_y": 900,
                "intrinsic": [
                    [
                        1142.5184053936916,
                        0.0,
                        800.0
                    ],
                    [
                        0.0,
                        1142.5184053936916,
                        450.0
                    ],
                    [
                        0.0,
                        0.0,
                        1.0
                    ]
                ],
                "location": [
                    -1003.8165893554688,
                    6484.96240234375,
                    365.5712890625
                ],
                "rotation": [
                    0.5773422122001648,
                    0.8250347375869751,
                    -124.56111145019531
                ],
                "world2cam": [
                    [
                        -0.5672560930252075,
                        -0.8234797716140747,
                        0.010076352395117283,
                        4767.130859375
                    ],
                    [
                        0.8233539462089539,
                        -0.5673455595970154,
                        -0.014398343861103058,
                        4510.974609375
                    ],
                    [
                        0.017573518678545952,
                        0.00012885592877864838,
                        0.999845564365387,
                        -348.7098693847656
                    ],
                    [
                        0.0,
                        0.0,
                        0.0,
                        1.0
                    ]
                ]
            },
            "LIDAR_TOP": {
                "lidar2ego": [
                    [
                        1.0,
                        0.0,
                        -0.0,
                        -0.39
                    ],
                    [
                        0.0,
                        1.0,
                        0.0,
                        0.0
                    ],
                    [
                        0.0,
                        -0.0,
                        1.0,
                        1.84
                    ],
                    [
                        0.0,
                        0.0,
                        0.0,
                        1.0
                    ]
                ],
                "location": [
                    -1003.1566772460938,
                    6485.517578125,
                    365.7996520996094
                ],
                "rotation": [
                    1.0069679021835327,
                    0.0002568037307355553,
                    -179.5652618408203
                ],
                "world2lidar": [
                    [
                        -0.9998167753219604,
                        -0.007586339488625526,
                        0.017573999240994453,
                        -960.2001342773438
                    ],
                    [
                        0.007587432395666838,
                        -0.9999712109565735,
                        -4.481378255150048e-06,
                        6492.94384765625
                    ],
                    [
                        0.01757352612912655,
                        0.0001288609637413174,
                        0.999845564365387,
                        -348.94989013671875
                    ],
                    [
                        0.0,
                        0.0,
                        0.0,
                        1.0
                    ]
                ]
            },
            "RADAR_BACK_LEFT": {
                "location": [
                    -1001.575439453125,
                    6486.19970703125,
                    364.4415588378906
                ],
                "radar2ego": [
                    [
                        6.123233995736766e-17,
                        1.0,
                        0.0,
                        -2.0
                    ],
                    [
                        -1.0,
                        6.123233995736766e-17,
                        0.0,
                        -0.67
                    ],
                    [
                        0.0,
                        -0.0,
                        1.0,
                        0.51
                    ],
                    [
                        0.0,
                        0.0,
                        0.0,
                        1.0
                    ]
                ],
                "rotation": [
                    0.00025954717420972884,
                    -1.0069674253463745,
                    90.43470764160156
                ],
                "world2radar": [
                    [
                        -0.00758704636245966,
                        0.9999712109565735,
                        4.529952548182337e-06,
                        -6493.61376953125
                    ],
                    [
                        -0.9998167753219604,
                        -0.007585954386740923,
                        0.017573991790413857,
                        -958.592529296875
                    ],
                    [
                        0.017573518678545952,
                        0.000128805564600043,
                        0.999845564365387,
                        -347.6195373535156
                    ],
                    [
                        0.0,
                        0.0,
                        0.0,
                        1.0
                    ]
                ]
            },
            "RADAR_BACK_RIGHT": {
                "location": [
                    -1001.5653076171875,
                    6484.85986328125,
                    364.4415588378906
                ],
                "radar2ego": [
                    [
                        6.123233995736766e-17,
                        1.0,
                        0.0,
                        -2.0
                    ],
                    [
                        -1.0,
                        6.123233995736766e-17,
                        0.0,
                        0.67
                    ],
                    [
                        0.0,
                        -0.0,
                        1.0,
                        0.51
                    ],
                    [
                        0.0,
                        0.0,
                        0.0,
                        1.0
                    ]
                ],
                "rotation": [
                    0.00025954717420972884,
                    -1.0069674253463745,
                    90.43470764160156
                ],
                "world2radar": [
                    [
                        -0.00758704636245966,
                        0.9999712109565735,
                        4.529952548182337e-06,
                        -6492.27392578125
                    ],
                    [
                        -0.9998167753219604,
                        -0.007585954386740923,
                        0.017573991790413857,
                        -958.5925903320312
                    ],
                    [
                        0.017573518678545952,
                        0.000128805564600043,
                        0.999845564365387,
                        -347.6195373535156
                    ],
                    [
                        0.0,
                        0.0,
                        0.0,
                        1.0
                    ]
                ]
            },
            "RADAR_FRONT": {
                "location": [
                    -1005.8401489257812,
                    6485.49755859375,
                    364.4866027832031
                ],
                "radar2ego": [
                    [
                        1.0,
                        0.0,
                        -0.0,
                        2.27
                    ],
                    [
                        0.0,
                        1.0,
                        0.0,
                        0.0
                    ],
