{
    "ego": {
        "base_type": "car",
        "bbx_loc": [
            -0.006287035066634417,
            3.211200123587332e-07,
            0.7488455176353455
        ],
        "bike_lane_left": false,
        "bike_lane_right": false,
        "brake": 0.0,
        "center": [
            -127.7044677734375,
            -128.44483947753906,
            1.571857213973999
        ],
        "class": "ego_vehicle",
        "color": "0,0,0",
        "distance_to_junction": 31.153392791748047,
        "distance_to_junction_ego": 31.153392791748047,
        "ego_lane_number": 0,
        "extent": [
            2.44619083404541,
            0.9183566570281982,
            0.7451388239860535
        ],
        "hazard_detected_10": false,
        "hazard_detected_15": false,
        "hazard_detected_20": false,
        "hazard_detected_40": false,
        "id": "109",
        "is_in_junction": false,
        "junction_id": -1,
        "lane_change": 0,
        "lane_change_str": "NONE",
        "lane_id": 1,
        "lane_type": 2,
        "lane_type_str": "Driving",
        "left_lane_marking_color": 4,
        "left_lane_marking_color_str": "Yellow",
        "left_lane_marking_type": 3,
        "left_lane_marking_type_str": "SolidSolid",
        "location": [
            -127.70674896240234,
            -128.4434051513672,
            0.8229902386665344
        ],
        "next_junction_id": 730,
        "next_junction_id_ego": 730,
        "next_next_road_ids": [
            19
        ],
        "next_next_road_ids_ego": [
            19
        ],
        "next_road_ids": [
            852
        ],
        "next_road_ids_ego": [
            852
        ],
        "num_lanes_opposite_direction": 1,
        "num_lanes_same_direction": 1,
        "parking_left": true,
        "parking_right": true,
        "position": [
            -8.934782442793221e-07,
            2.5251524391478597e-06,
            5.7707296718945145e-09
        ],
        "right_lane_marking_color": 0,
        "right_lane_marking_color_str": "White",
        "right_lane_marking_type": 2,
        "right_lane_marking_type_str": "Solid",
        "road_id": 20,
        "rotation": [
            -0.6867344975471497,
            0.016423583030700684,
            -36.82857131958008
        ],
        "section_id": 0,
        "semantic_tags": [
            [
                14
            ]
        ],
        "shoulder_left": false,
        "shoulder_right": false,
        "sidewalk_left": true,
        "sidewalk_right": true,
        "speed": 0.0,
        "type_id": "vehicle.lincoln.mkz_2020",
        "virtual_steer": 0.0,
        "world2ego": [
            [
                0.8003750443458557,
                -0.5993797779083252,
                -0.011985491029918194,
                25.236778259277344
            ],
            [
                0.5994200110435486,
                0.8004345893859863,
                -0.0002866250288207084,
                179.3607635498047
            ],
            [
                0.009765397757291794,
                -0.006954935844987631,
                0.9999281167984009,
                -0.4691395163536072
            ],
            [
                0.0,
                0.0,
                0.0,
                1.0
            ]
        ],
        "world_cord": [
            [
                -125.1888427734375,
                -129.18113708496094,
                2.287360429763794
            ],
            [
                -125.2033920288086,
                -129.1707763671875,
                0.7971900105476379
            ],
            [
                -126.28980255126953,
                -130.65130615234375,
                2.28788685798645
            ],
            [
                -126.30435943603516,
                -130.6409454345703,
                0.7977164387702942
            ],
            [
                -129.10458374023438,
                -126.24874877929688,
                2.3459980487823486
            ],
            [
                -129.119140625,
                -126.2383804321289,
                0.8558275699615479
            ],
            [
                -130.20553588867188,
                -127.71891784667969,
                2.346524477005005
            ],
            [
                -130.2200927734375,
                -127.70854949951172,
                0.8563540577888489
            ]
        ],
        "yaw": -0.6427798283322251
    },
    "measurements": {
        "acceleration": [
            -0.11802814155817032,
            -0.004650433547794819,
            9.732938766479492
        ],
        "affect_flags": {
            "affected_by_red_light": false,
            "affected_by_stop_sign": false,
            "affected_by_yellow_light": false,
            "traffic_light_state": null
        },
        "angular_velocity": [
            0.0009528747759759426,
            -0.0006106403307057917,
            -0.000826600007712841
        ],
        "bounding_boxes": [
            {
                "base_type": "car",
                "bbx_loc": [
                    -0.006287035066634417,
                    3.211200123587332e-07,
                    0.7488455176353455
                ],
                "bike_lane_left": false,
                "bike_lane_right": false,
                "brake": 0.0,
                "center": [
                    -127.7044677734375,
                    -128.44483947753906,
                    1.571857213973999
                ],
                "class": "ego_vehicle",
                "color": "0,0,0",
                "distance_to_junction": 31.153392791748047,
                "distance_to_junction_ego": 31.153392791748047,
                "ego_lane_number": 0,
                "extent": [
                    2.44619083404541,
                    0.9183566570281982,
                    0.7451388239860535
                ],
                "hazard_detected_10": false,
                "hazard_detected_15": false,
                "hazard_detected_20": false,
                "hazard_detected_40": false,
                "id": "109",
                "is_in_junction": false,
                "junction_id": -1,
                "lane_change": 0,
                "lane_change_str": "NONE",
                "lane_id": 1,
                "lane_type": 2,
                "lane_type_str": "Driving",
                "left_lane_marking_color": 4,
                "left_lane_marking_color_str": "Yellow",
                "left_lane_marking_type": 3,
                "left_lane_marking_type_str": "SolidSolid",
                "location": [
                    -127.70674896240234,
                    -128.4434051513672,
                    0.8229902386665344
                ],
                "next_junction_id": 730,
                "next_junction_id_ego": 730,
                "next_next_road_ids": [
                    19
                ],
                "next_next_road_ids_ego": [
                    19
                ],
                "next_road_ids": [
                    852
                ],
                "next_road_ids_ego": [
                    852
                ],
                "num_lanes_opposite_direction": 1,
                "num_lanes_same_direction": 1,
                "parking_left": true,
                "parking_right": true,
                "position": [
                    -8.934782442793221e-07,
                    2.5251524391478597e-06,
                    5.7707296718945145e-09
                ],
                "right_lane_marking_color": 0,
                "right_lane_marking_color_str": "White",
                "right_lane_marking_type": 2,
                "right_lane_marking_type_str": "Solid",
                "road_id": 20,
                "rotation": [
                    -0.6867344975471497,
                    0.016423583030700684,
                    -36.82857131958008
                ],
                "section_id": 0,
                "semantic_tags": [
                    [
                        14
                    ]
                ],
                "shoulder_left": false,
                "shoulder_right": false,
                "sidewalk_left": true,
                "sidewalk_right": true,
                "speed": 0.0,
                "type_id": "vehicle.lincoln.mkz_2020",
                "virtual_steer": 0.0,
                "world2ego": [
                    [
                        0.8003750443458557,
                        -0.5993797779083252,
                        -0.011985491029918194,
                        25.236778259277344
                    ],
                    [
                        0.5994200110435486,
                        0.8004345893859863,
                        -0.0002866250288207084,
                        179.3607635498047
                    ],
                    [
                        0.009765397757291794,
                        -0.006954935844987631,
                        0.9999281167984009,
                        -0.4691395163536072
                    ],
                    [
                        0.0,
                        0.0,
                        0.0,
                        1.0
                    ]
                ],
                "world_cord": [
                    [
                        -125.1888427734375,
                        -129.18113708496094,
                        2.287360429763794
                    ],
                    [
                        -125.2033920288086,
                        -129.1707763671875,
                        0.7971900105476379
                    ],
                    [
                        -126.28980255126953,
                        -130.65130615234375,
                        2.28788685798645
                    ],
                    [
                        -126.30435943603516,
                        -130.6409454345703,
                        0.7977164387702942
                    ],
                    [
                        -129.10458374023438,
                        -126.24874877929688,
                        2.3459980487823486
                    ],
                    [
                        -129.119140625,
                        -126.2383804321289,
                        0.8558275699615479
                    ],
                    [
                        -130.20553588867188,
                        -127.71891784667969,
                        2.346524477005005
                    ],
                    [
                        -130.2200927734375,
                        -127.70854949951172,
                        0.8563540577888489
                    ]
                ],
                "yaw": -0.6427798283322251
            }
        ],
        "brake": 0.0,
        "changed_route": false,
        "command": 4,
        "command_far": 1,
        "command_near": 4,
        "control_brake": false,
        "future_acceleration": "Accelerate",
        "hazardous_actors": [],
        "hazardous_flag": false,
        "hazardous_walkers": [],
        "next_command": 1,
        "only_ap_brake": false,
        "reverse": false,
        "sensors": {
            "CAM_BACK": {
                "cam2ego": [
                    [
                        -1.0,
                        -1.2246467991473532e-16,
                        0.0,
                        -2.0
                    ],
                    [
                        1.2246467991473532e-16,
                        -1.0,
                        -0.0,
                        0.0
                    ],
                    [
                        0.0,
                        -0.0,
                        1.0,
                        1.6
                    ],
                    [
                        0.0,
                        0.0,
                        0.0,
                        1.0
                    ]
                ],
                "fov": 110.0,
                "image_size_x": 1600,
                "image_size_y": 900,
                "intrinsic": [
                    [
                        560.1660305677678,
                        0.0,
                        800.0
                    ],
                    [
                        0.0,
                        560.1660305677678,
                        450.0
                    ],
                    [
                        0.0,
                        0.0,
                        1.0
                    ]
                ],
                "location": [
                    -129.2918701171875,
                    -127.25576782226562,
                    2.4468462467193604
                ],
                "rotation": [
                    0.6867344975471497,
                    -0.016423314809799194,
                    143.1714324951172
                ],
                "world2cam": [
                    [
                        -0.8003751039505005,
                        0.5993797183036804,
                        0.011985491029918194,
                        -27.236793518066406
                    ],
                    [
                        -0.5994199514389038,
                        -0.8004346489906311,
                        0.00028662034310400486,
                        -179.36074829101562
                    ],
                    [
                        0.009765395894646645,
                        -0.006954938638955355,
                        0.9999281167984009,
                        -2.0691399574279785
                    ],
                    [
                        0.0,
                        0.0,
                        0.0,
                        1.0
                    ]
                ]
            },
            "CAM_BACK_LEFT": {
                "cam2ego": [
                    [
                        -0.3420201433256687,
                        0.9396926207859084,
                        0.0,
                        -0.32
                    ],
                    [
                        -0.9396926207859084,
                        -0.3420201433256687,
                        0.0,
                        -0.55
                    ],
                    [
                        0.0,
                        -0.0,
                        1.0,
                        1.6
                    ],
                    [
                        0.0,
                        0.0,
                        0.0,
                        1.0
                    ]
                ],
                "fov": 70.0,
                "image_size_x": 1600,
                "image_size_y": 900,
                "intrinsic": [
                    [
                        1142.5184053936916,
                        0.0,
                        800.0
                    ],
                    [
                        0.0,
                        1142.5184053936916,
                        450.0
                    ],
                    [
                        0.0,
                        0.0,
                        1.0
                    ]
                ],
                "location": [
                    -128.27691650390625,
                    -128.70297241210938,
                    2.426868200302124
                ],
                "rotation": [
                    0.2503059208393097,
                    0.6397090554237366,
                    -146.82704162597656
                ],
                "world2cam": [
                    [
                        -0.8370147347450256,
                        -0.5471629500389099,
                        0.004368648398667574,
                        -177.80177307128906
                    ],
                    [
                        0.5470932722091675,
                        -0.8369972109794617,
                        -0.011164691299200058,
                        -37.51749801635742
                    ],
                    [
                        0.009765451774001122,
                        -0.006954952143132687,
                        0.9999281167984009,
                        -2.0691347122192383
                    ],
                    [
                        0.0,
                        0.0,
                        0.0,
                        1.0
                    ]
                ]
            },
            "CAM_BACK_RIGHT": {
                "cam2ego": [
                    [
                        -0.3420201433256687,
                        -0.9396926207859084,
                        0.0,
                        -0.32
                    ],
                    [
                        0.9396926207859084,
                        -0.3420201433256687,
                        -0.0,
                        0.55
                    ],
                    [
                        0.0,
                        -0.0,
                        1.0,
                        1.6
                    ],
                    [
                        0.0,
                        0.0,
                        0.0,
                        1.0
                    ]
                ],
                "fov": 70.0,
                "image_size_x": 1600,
                "image_size_y": 900,
                "intrinsic": [
                    [
                        1142.5184053936916,
                        0.0,
                        800.0
                    ],
                    [
                        0.0,
                        1142.5184053936916,
                        450.0
                    ],
                    [
                        0.0,
                        0.0,
                        1.0
                    ]
                ],
                "location": [
                    -127.6175537109375,
                    -127.82249450683594,
                    2.4265527725219727
                ],
                "rotation": [
                    0.2194403111934662,
                    -0.6509419679641724,
                    73.17024230957031
                ],
                "world2cam": [
                    [
                        0.28952690958976746,
                        0.9571622014045715,
                        0.00382994650863111,
                        159.28628540039062
                    ],
                    [
                        -0.9571200013160706,
                        0.2894687056541443,
                        0.011360753327608109,
                        -85.1722640991211
                    ],
                    [
                        0.00976543314754963,
                        -0.006954962387681007,
                        0.9999281167984009,
                        -2.0691380500793457
                    ],
                    [
                        0.0,
                        0.0,
                        0.0,
                        1.0
                    ]
                ]
            },
            "CAM_FRONT": {
                "cam2ego": [
                    [
                        1.0,
                        0.0,
                        -0.0,
                        0.8
                    ],
                    [
                        0.0,
                        1.0,
                        0.0,
                        0.0
                    ],
                    [
                        0.0,
                        -0.0,
                        1.0,
                        1.6
                    ],
                    [
                        0.0,
                        0.0,
                        0.0,
                        1.0
                    ]
                ],
                "fov": 70.0,
                "image_size_x": 1600,
                "image_size_y": 900,
                "intrinsic": [
                    [
                        1142.5184053936916,
                        0.0,
                        800.0
                    ],
                    [
                        0.0,
                        1142.5184053936916,
                        450.0
                    ],
                    [
                        0.0,
                        0.0,
                        1.0
                    ]
                ],
                "location": [
                    -127.05081939697266,
                    -128.9340362548828,
                    2.4132869243621826
                ],
                "rotation": [
                    -0.6867344975471497,
                    0.016423583030700684,
                    -36.82857131958008
                ],
                "world2cam": [
                    [
                        0.8003750443458557,
                        -0.5993797779083252,
                        -0.011985491029918194,
                        24.436777114868164
                    ],
                    [
                        0.5994200110435486,
                        0.8004345893859863,
                        -0.0002866250288207084,
                        179.3607635498047
                    ],
                    [
                        0.009765397757291794,
                        -0.006954935844987631,
                        0.9999281167984009,
                        -2.0691394805908203
                    ],
                    [
                        0.0,
                        0.0,
                        0.0,
                        1.0
                    ]
                ]
            },
            "CAM_FRONT_LEFT": {
                "cam2ego": [
                    [
                        0.5735764363510462,
                        0.8191520442889918,
                        0.0,
                        0.27
                    ],
                    [
                        -0.8191520442889918,
                        0.5735764363510462,
                        0.0,
                        -0.55
                    ],
                    [
                        0.0,
                        -0.0,
                        1.0,
                        1.6
                    ],
                    [
                        0.0,
                        0.0,
                        0.0,
                        1.0
                    ]
                ],
                "fov": 70.0,
                "image_size_x": 1600,
                "image_size_y": 900,
                "intrinsic": [
                    [
                        1142.5184053936916,
                        0.0,
                        800.0
                    ],
                    [
                        0.0,
                        1142.5184053936916,
                        450.0
                    ],
                    [
                        0.0,
                        0.0,
                        1.0
                    ]
                ],
                "location": [
                    -127.80470275878906,
                    -129.05661010742188,
                    2.4197967052459717
                ],
                "rotation": [
                    -0.38043469190597534,
                    0.5719702243804932,
                    -91.83037567138672
                ],
                "world2cam": [
                    [
                        -0.03193996846675873,
                        -0.9994677305221558,
                        -0.00663978885859251,
                        -133.05392456054688
                    ],
                    [
                        0.9994421005249023,
                        -0.031872835010290146,
                        -0.009982378222048283,
                        123.64414978027344
                    ],
                    [
                        0.009765435941517353,
                        -0.006954921409487724,
                        0.9999281167984009,
                        -2.0691325664520264
                    ],
                    [
                        0.0,
                        0.0,
                        0.0,
                        1.0
                    ]
                ]
            },
            "CAM_FRONT_RIGHT": {
                "cam2ego": [
                    [
                        0.5735764363510462,
                        -0.8191520442889918,
                        -0.0,
                        0.27
                    ],
                    [
                        0.8191520442889918,
                        0.5735764363510462,
                        0.0,
                        0.55
                    ],
                    [
                        0.0,
                        -0.0,
                        1.0,
                        1.6
                    ],
                    [
                        0.0,
                        0.0,
                        0.0,
                        1.0
                    ]
                ],
                "fov": 70.0,
                "image_size_x": 1600,
                "image_size_y": 900,
                "intrinsic": [
                    [
                        1142.5184053936916,
                        0.0,
                        800.0
                    ],
                    [
                        0.0,
                        1142.5184053936916,
                        450.0
                    ],
                    [
                        0.0,
                        0.0,
                        1.0
                    ]
                ],
                "location": [
                    -127.14533996582031,
                    -128.17613220214844,
                    2.4194815158843994
                ],
                "rotation": [
                    -0.40733879804611206,
                    -0.5531315803527832,
                    18.173479080200195
                ],
                "world2cam": [
                    [
                        0.9500924944877625,
                        0.31188729405403137,
                        -0.007109343074262142,
                        160.7935333251953
                    ],
                    [
                        -0.31181541085243225,
                        0.9500936269760132,
                        0.009653572924435139,
                        82.11009979248047
                    ],
                    [
                        0.009765367954969406,
                        -0.006954984273761511,
                        0.9999281167984009,
                        -2.0691497325897217
                    ],
                    [
                        0.0,
                        0.0,
                        0.0,
                        1.0
                    ]
                ]
            },
            "LIDAR_TOP": {
                "lidar2ego": [
                    [
                        1.0,
                        0.0,
                        -0.0,
                        -0.39
                    ],
                    [
                        0.0,
                        1.0,
                        0.0,
                        0.0
                    ],
                    [
                        0.0,
                        -0.0,
                        1.0,
                        1.84
                    ],
                    [
                        0.0,
                        0.0,
                        0.0,
                        1.0
                    ]
                ],
                "location": [
                    -128.0009307861328,
                    -128.22244262695312,
                    2.667532205581665
                ],
                "rotation": [
                    -0.6867344975471497,
                    0.016423583030700684,
                    -36.82857131958008
                ],
                "world2lidar": [
                    [
                        0.8003750443458557,
                        -0.5993797779083252,
                        -0.011985491029918194,
                        25.626781463623047
                    ],
                    [
                        0.5994200110435486,
                        0.8004345893859863,
                        -0.0002866250288207084,
                        179.36074829101562
                    ],
                    [
                        0.009765397757291794,
                        -0.006954935844987631,
                        0.9999281167984009,
                        -2.3091394901275635
                    ],
                    [
                        0.0,
                        0.0,
                        0.0,
                        1.0
                    ]
                ]
            },
            "RADAR_BACK_LEFT": {
                "location": [
                    -129.70413208007812,
                    -127.78447723388672,
                    1.35711669921875
                ],
                "radar2ego": [
                    [
                        6.123233995736766e-17,
                        1.0,
                        0.0,
                        -2.0
                    ],
                    [
                        -1.0,
                        6.123233995736766e-17,
                        0.0,
                        -0.67
                    ],
                    [
                        0.0,
                        -0.0,
                        1.0,
                        0.51
                    ],
                    [
                        0.0,
                        0.0,
                        0.0,
                        1.0
                    ]
                ],
                "rotation": [
                    0.016426604241132736,
                    0.6867370009422302,
                    -126.828369140625
                ],
                "world2radar": [
                    [
                        -0.5994198322296143,
                        -0.8004347085952759,
                        0.00028669831226579845,
                        -180.03074645996094
                    ],
                    [
                        0.8003751635551453,
                        -0.5993795990943909,
                        -0.011985533870756626,
                        27.23682403564453
                    ],
                    [
                        0.009765478782355785,
                        -0.00695490138605237,
                        0.9999281167984009,
                        -0.9791247248649597
                    ],
                    [
                        0.0,
                        0.0,
                        0.0,
                        1.0
                    ]
                ]
            },
            "RADAR_BACK_RIGHT": {
                "location": [
                    -128.90090942382812,
                    -126.71189880371094,
                    1.3567326068878174
                ],
                "radar2ego": [
                    [
                        6.123233995736766e-17,
                        1.0,
                        0.0,
                        -2.0
                    ],
                    [
                        -1.0,
                        6.123233995736766e-17,
                        0.0,
                        0.67
                    ],
                    [
                        0.0,
                        -0.0,
                        1.0,
                        0.51
                    ],
                    [
                        0.0,
                        0.0,
                        0.0,
                        1.0
                    ]
                ],
                "rotation": [
                    0.016426604241132736,
                    0.6867370009422302,
                    -126.828369140625
                ],
                "world2radar": [
                    [
                        -0.5994198322296143,
                        -0.8004347085952759,
                        0.00028669831226579845,
                        -178.6907501220703
                    ],
                    [
                        0.8003751635551453,
                        -0.5993795990943909,
                        -0.011985533870756626,
                        27.236827850341797
                    ],
                    [
                        0.009765478782355785,
                        -0.00695490138605237,
                        0.9999281167984009,
                        -0.9791247844696045
                    ],
                    [
                        0.0,
                        0.0,
                        0.0,
                        1.0
                    ]
                ]
            },
            "RADAR_FRONT": {
                "location": [
                    -125.88520050048828,
                    -129.80734252929688,
                    1.275748610496521
                ],
                "radar2ego": [
                    [
                        1.0,
                        0.0,
                        -0.0,
                        2.27
                    ],
                    [
                        0.0,
                        1.0,
                        0.0,
                        0.0
                    ],
                    [
                        0.0,
                        -0.0,
                        1.0,
                        0.48
                    ],
                    [
                        0.0,
                        0.0,
                        0.0,
                        1.0
                    ]
                ],
                "rotation": [
                    -0.6867344975471497,
                    0.016423583030700684,
                    -36.82857131958008
                ],
                "world2radar": [
                    [
                        0.8003750443458557,
                        -0.5993797779083252,
                        -0.011985491029918194,
                        22.966768264770508
                    ],
                    [
                        0.5994200110435486,
                        0.8004345893859863,
                        -0.0002866250288207084,
                        179.3607635498047
                    ],
                    [
                        0.009765397757291794,
                        -0.006954935844987631,
                        0.9999281167984009,
                        -0.9491395950317383
                    ],
                    [
                        0.0,
                        0.0,
                        0.0,
                        1.0
                    ]
                ]
            },
            "RADAR_FRONT_LEFT": {
                "location": [
                    -127.24057006835938,
                    -129.8541717529297,
                    1.5486782789230347
                ],
                "radar2ego": [
                    [
                        6.123233995736766e-17,
                        1.0,
                        0.0,
                        1.21
                    ],
                    [
                        -1.0,
                        6.123233995736766e-17,
                        0.0,
                        -0.85
                    ],
                    [
                        0.0,
                        -0.0,
                        1.0,
                        0.74
                    ],
                    [
                        0.0,
                        0.0,
                        0.0,
                        1.0
                    ]
                ],
                "rotation": [
                    0.016426604241132736,
                    0.6867370009422302,
                    -126.828369140625
                ],
                "world2radar": [
                    [
                        -0.5994198322296143,
                        -0.8004347085952759,
                        0.00028669831226579845,
                        -180.21075439453125
                    ],
                    [
                        0.8003751635551453,
                        -0.5993795990943909,
                        -0.011985533870756626,
                        24.026817321777344
                    ],
                    [
                        0.009765478782355785,
                        -0.00695490138605237,
                        0.9999281167984009,
                        -1.2091248035430908
                    ],
                    [
                        0.0,
                        0.0,
                        0.0,
                        1.0
                    ]
                ]
            },
            "RADAR_FRONT_RIGHT": {
                "location": [
                    -126.2215576171875,
                    -128.49343872070312,
                    1.5481908321380615
                ],
                "radar2ego": [
                    [
                        6.123233995736766e-17,
                        -1.0,
                        -0.0,
                        1.21
                    ],
                    [
                        1.0,
                        6.123233995736766e-17,
                        0.0,
                        0.85
                    ],
                    [
                        0.0,
                        -0.0,
                        1.0,
                        0.74
                    ],
                    [
                        0.0,
                        0.0,
                        0.0,
                        1.0
                    ]
                ],
                "rotation": [
                    -0.016426604241132736,
                    -0.6867370009422302,
                    53.17160415649414
                ],
                "world2radar": [
                    [
                        0.5994203090667725,
                        0.8004343509674072,
                        -0.00028669831226579845,
                        178.51077270507812
                    ],
                    [
                        -0.8003748059272766,
                        0.5993800759315491,
                        0.011985533870756626,
                        -24.026697158813477
                    ],
                    [
                        0.009765475057065487,
                        -0.006954906973987818,
                        0.9999281167984009,
                        -1.2091259956359863
                    ],
                    [
                        0.0,
                        0.0,
                        0.0,
                        1.0
                    ]
                ]
            },
            "TOP_DOWN": {
                "cam2ego": [
                    [
                        6.123233995736766e-17,
                        -0.0,
                        1.0,
                        0.0
                    ],
                    [
                        0.0,
                        1.0,
                        0.0,
                        0.0
                    ],
                    [
                        -1.0,
                        -0.0,
                        6.123233995736766e-17,
                        50.0
                    ],
                    [
                        0.0,
                        0.0,
                        0.0,
                        1.0
                    ]
                ],
                "fov": 110.0,
                "image_size_x": 1600,
                "image_size_y": 900,
                "intrinsic": [
                    [
                        560.1660305677678,
                        0.0,
                        800.0
                    ],
                    [
                        0.0,
                        560.1660305677678,
                        450.0
                    ],
                    [
                        0.0,
                        0.0,
                        1.0
                    ]
                ],
