{
    "ego": {
        "base_type": "car",
        "bbx_loc": [
            -0.006292152218520641,
            5.69403164263349e-05,
            0.7488534450531006
        ],
        "bike_lane_left": false,
        "bike_lane_right": false,
        "brake": 0.0,
        "center": [
            -3708.3876953125,
            1040.672119140625,
            346.1580810546875
        ],
        "class": "ego_vehicle",
        "color": "0,0,0",
        "distance_to_junction": 118.30819702148438,
        "distance_to_junction_ego": 118.30819702148438,
        "ego_lane_number": 0,
        "extent": [
            2.44619083404541,
            0.9183566570281982,
            0.7451388239860535
        ],
        "hazard_detected_10": false,
        "hazard_detected_15": false,
        "hazard_detected_20": false,
        "hazard_detected_40": false,
        "id": "3695",
        "is_in_junction": false,
        "junction_id": -1,
        "lane_change": 0,
        "lane_change_str": "NONE",
        "lane_id": 1,
        "lane_type": 2,
        "lane_type_str": "Driving",
        "left_lane_marking_color": 4,
        "left_lane_marking_color_str": "Yellow",
        "left_lane_marking_type": 1,
        "left_lane_marking_type_str": "Broken",
        "location": [
            -3708.3779296875,
            1040.69384765625,
            345.4095764160156
        ],
        "next_junction_id": 14822,
        "next_junction_id_ego": 14822,
        "next_next_road_ids": [
            553
        ],
        "next_next_road_ids_ego": [
            553
        ],
        "next_road_ids": [
            14823
        ],
        "next_road_ids_ego": [
            14823
        ],
        "num_lanes_opposite_direction": 1,
        "num_lanes_same_direction": 1,
        "parking_left": false,
        "parking_right": false,
        "position": [
            -2.1177625058044214e-05,
            1.5003721273387782e-05,
            -2.468681941536488e-05
        ],
        "right_lane_marking_color": 0,
        "right_lane_marking_color_str": "White",
        "right_lane_marking_type": 2,
        "right_lane_marking_type_str": "Solid",
        "road_id": 862,
        "rotation": [
            1.3380203247070312,
            -0.0064087314531207085,
            65.63230895996094
        ],
        "section_id": 0,
        "semantic_tags": [
            [
                14
            ]
        ],
        "shoulder_left": false,
        "shoulder_right": false,
        "sidewalk_left": false,
        "sidewalk_right": false,
        "speed": -0.00010169541474355273,
        "type_id": "vehicle.lincoln.mkz_2020",
        "virtual_steer": 0.08224062346223526,
        "world2ego": [
            [
                0.41247838735580444,
                0.9106680750846863,
                0.023350736126303673,
                573.83349609375
            ],
            [
                -0.9109175205230713,
                0.412588506937027,
                0.00011182296293554828,
                -3807.443359375
            ],
            [
                -0.009532411582767963,
                -0.02131671831011772,
                0.9997273087501526,
                -358.48101806640625
            ],
            [
                0.0,
                0.0,
                0.0,
                1.0
            ]
        ],
        "world_cord": [
            [
                -3708.222412109375,
                1043.2628173828125,
                346.9602355957031
            ],
            [
                -3708.208251953125,
                1043.294677734375,
                345.4703674316406
            ],
            [
                -3706.54931640625,
                1042.5050048828125,
                346.96002197265625
            ],
            [
                -3706.53515625,
                1042.536865234375,
                345.47015380859375
            ],
            [
                -3710.240478515625,
                1038.8074951171875,
                346.84600830078125
            ],
            [
                -3710.22607421875,
                1038.83935546875,
                345.35614013671875
            ],
            [
                -3708.5673828125,
                1038.0496826171875,
                346.8457946777344
            ],
            [
                -3708.552978515625,
                1038.08154296875,
                345.3559265136719
            ]
        ],
        "yaw": 1.1454998870374935
    },
    "measuerments": {
        "acceleration": [
            0.22841468453407288,
            0.0010996416676789522,
            9.814990997314453
        ],
        "angular_velocity": [
            0.00042684731306508183,
            -0.0009181849309243262,
            -0.0008211119566112757
        ],
        "bounding_boxes": [
            {
                "base_type": "car",
                "bbx_loc": [
                    -0.006292152218520641,
                    5.69403164263349e-05,
                    0.7488534450531006
                ],
                "bike_lane_left": false,
                "bike_lane_right": false,
                "brake": 0.0,
                "center": [
                    -3708.3876953125,
                    1040.672119140625,
                    346.1580810546875
                ],
                "class": "ego_vehicle",
                "color": "0,0,0",
                "distance_to_junction": 118.30819702148438,
                "distance_to_junction_ego": 118.30819702148438,
                "ego_lane_number": 0,
                "extent": [
                    2.44619083404541,
                    0.9183566570281982,
                    0.7451388239860535
                ],
                "hazard_detected_10": false,
                "hazard_detected_15": false,
                "hazard_detected_20": false,
                "hazard_detected_40": false,
                "id": "3695",
                "is_in_junction": false,
                "junction_id": -1,
                "lane_change": 0,
                "lane_change_str": "NONE",
                "lane_id": 1,
                "lane_type": 2,
                "lane_type_str": "Driving",
                "left_lane_marking_color": 4,
                "left_lane_marking_color_str": "Yellow",
                "left_lane_marking_type": 1,
                "left_lane_marking_type_str": "Broken",
                "location": [
                    -3708.3779296875,
                    1040.69384765625,
                    345.4095764160156
                ],
                "next_junction_id": 14822,
                "next_junction_id_ego": 14822,
                "next_next_road_ids": [
                    553
                ],
                "next_next_road_ids_ego": [
                    553
                ],
                "next_road_ids": [
                    14823
                ],
                "next_road_ids_ego": [
                    14823
                ],
                "num_lanes_opposite_direction": 1,
                "num_lanes_same_direction": 1,
                "parking_left": false,
                "parking_right": false,
                "position": [
                    -2.1177625058044214e-05,
                    1.5003721273387782e-05,
                    -2.468681941536488e-05
                ],
                "right_lane_marking_color": 0,
                "right_lane_marking_color_str": "White",
                "right_lane_marking_type": 2,
                "right_lane_marking_type_str": "Solid",
                "road_id": 862,
                "rotation": [
                    1.3380203247070312,
                    -0.0064087314531207085,
                    65.63230895996094
                ],
                "section_id": 0,
                "semantic_tags": [
                    [
                        14
                    ]
                ],
                "shoulder_left": false,
                "shoulder_right": false,
                "sidewalk_left": false,
                "sidewalk_right": false,
                "speed": -0.00010169541474355273,
                "type_id": "vehicle.lincoln.mkz_2020",
                "virtual_steer": 0.08224062346223526,
                "world2ego": [
                    [
                        0.41247838735580444,
                        0.9106680750846863,
                        0.023350736126303673,
                        573.83349609375
                    ],
                    [
                        -0.9109175205230713,
                        0.412588506937027,
                        0.00011182296293554828,
                        -3807.443359375
                    ],
                    [
                        -0.009532411582767963,
                        -0.02131671831011772,
                        0.9997273087501526,
                        -358.48101806640625
                    ],
                    [
                        0.0,
                        0.0,
                        0.0,
                        1.0
                    ]
                ],
                "world_cord": [
                    [
                        -3708.222412109375,
                        1043.2628173828125,
                        346.9602355957031
                    ],
                    [
                        -3708.208251953125,
                        1043.294677734375,
                        345.4703674316406
                    ],
                    [
                        -3706.54931640625,
                        1042.5050048828125,
                        346.96002197265625
                    ],
                    [
                        -3706.53515625,
                        1042.536865234375,
                        345.47015380859375
                    ],
                    [
                        -3710.240478515625,
                        1038.8074951171875,
                        346.84600830078125
                    ],
                    [
                        -3710.22607421875,
                        1038.83935546875,
                        345.35614013671875
                    ],
                    [
                        -3708.5673828125,
                        1038.0496826171875,
                        346.8457946777344
                    ],
                    [
                        -3708.552978515625,
                        1038.08154296875,
                        345.3559265136719
                    ]
                ],
                "yaw": 1.1454998870374935
            },
            {
                "base_type": "car",
                "bbx_loc": [
                    -0.002598926890641451,
                    3.2145380828296766e-05,
                    0.7203688621520996
                ],
                "brake": 0.0,
                "center": [
                    -3692.525634765625,
                    1088.8172607421875,
                    347.52484130859375
                ],
                "class": "vehicle",
                "color": "187,187,187",
                "color_name": null,
                "color_rgb": null,
                "distance": 50.69225749753003,
                "distance_to_junction": 67.322509765625,
                "extent": [
                    2.3368194103240967,
                    0.9059062600135803,
                    0.7209736704826355
                ],
                "id": "3696",
                "is_in_junction": false,
                "junction_id": -1,
                "lane_id": 1,
                "lane_relative_to_ego": 1,
                "lane_type": 8,
                "lane_type_str": "Shoulder",
                "light_state": "NONE",
                "location": [
                    -3692.506103515625,
                    1088.8372802734375,
                    346.8050231933594
                ],
                "next_junction_id": 14822,
                "next_next_road_ids": [
                    861
                ],
                "next_road_ids": [
                    14829
                ],
                "num_points": 6,
                "position": [
                    50.422035905080975,
                    5.405673486405703,
                    0.21748479317534475
                ],
                "road_id": 862,
                "rotation": [
                    1.7598049640655518,
                    1.0387027263641357,
                    73.70594787597656
                ],
                "same_direction_as_ego": true,
                "same_road_as_ego": true,
                "section_id": 0,
                "semantic_tags": [
                    14
                ],
                "speed": 0.0,
                "state": "dynamic",
                "steer": 0.0,
                "type_id": "vehicle.mercedes.coupe_2020",
                "vehicle_cuts_in": false,
                "world2vehicle": [
                    [
                        0.280434787273407,
                        0.959381639957428,
                        0.030709560960531235,
                        -19.753501892089844
                    ],
                    [
                        -0.9595205187797546,
                        0.28105536103248596,
                        -0.018119238317012787,
                        -3842.775146484375
                    ],
                    [
                        -0.026014354079961777,
                        -0.02438518777489662,
                        0.9993640184402466,
                        -416.09112548828125
                    ],
                    [
                        0.0,
                        0.0,
                        0.0,
                        1.0
                    ]
                ],
                "world_cord": [
                    [
                        -3692.75830078125,
                        1091.296142578125,
                        348.30072021484375
                    ],
                    [
                        -3692.720703125,
                        1091.331298828125,
                        346.85968017578125
                    ],
                    [
                        -3691.019775390625,
                        1090.7869873046875,
                        348.33355712890625
                    ],
                    [
                        -3690.982177734375,
                        1090.8221435546875,
                        346.89251708984375
                    ],
                    [
                        -3694.06884765625,
                        1086.8123779296875,
                        348.1571960449219
                    ],
                    [
                        -3694.031494140625,
                        1086.8475341796875,
                        346.7161560058594
                    ],
                    [
                        -3692.33056640625,
                        1086.3031005859375,
                        348.1900329589844
                    ],
                    [
                        -3692.29296875,
                        1086.3382568359375,
                        346.7489929199219
                    ]
                ],
                "yaw": 1.1454998870374935
            }
        ],
        "brake": 0.0,
        "changed_route": false,
        "command": 4,
        "command_far": 4,
        "command_near": 4,
        "control_brake": false,
        "next_command": 4,
        "only_ap_brake": false,
        "reverse": false,
        "sensors": {
            "CAM_BACK": {
                "cam2ego": [
                    [
                        -1.0,
                        -1.2246467991473532e-16,
                        0.0,
                        -2.0
                    ],
                    [
                        1.2246467991473532e-16,
                        -1.0,
                        -0.0,
                        0.0
                    ],
                    [
                        0.0,
                        -0.0,
                        1.0,
                        1.6
                    ],
                    [
                        0.0,
                        0.0,
                        0.0,
                        1.0
                    ]
                ],
                "fov": 110.0,
                "image_size_x": 1600,
                "image_size_y": 900,
                "intrinsic": [
                    [
                        560.1660305677678,
                        0.0,
                        800.0
                    ],
                    [
                        0.0,
                        560.1660305677678,
                        450.0
                    ],
                    [
                        0.0,
                        0.0,
                        1.0
                    ]
                ],
                "location": [
                    -3709.218017578125,
                    1038.83837890625,
                    346.96240234375
                ],
                "rotation": [
                    -1.3380203247070312,
                    0.006408251356333494,
                    -114.36766052246094
                ],
                "world2cam": [
                    [
                        -0.4124778211116791,
                        -0.9106683135032654,
                        -0.023350736126303673,
                        -575.8312377929688
                    ],
                    [
                        0.9109177589416504,
                        -0.4125879406929016,
                        -0.00011181458103237674,
                        3807.443603515625
                    ],
                    [
                        -0.00953240692615509,
                        -0.02131672203540802,
                        0.9997273087501526,
                        -360.0809326171875
                    ],
                    [
                        0.0,
                        0.0,
                        0.0,
                        1.0
                    ]
                ]
            },
            "CAM_BACK_LEFT": {
                "cam2ego": [
                    [
                        -0.3420201433256687,
                        0.9396926207859084,
                        0.0,
                        -0.32
                    ],
                    [
                        -0.9396926207859084,
                        -0.3420201433256687,
                        0.0,
                        -0.55
                    ],
                    [
                        0.0,
                        -0.0,
                        1.0,
                        1.6
                    ],
                    [
                        0.0,
                        0.0,
                        0.0,
                        1.0
                    ]
                ],
                "fov": 70.0,
                "image_size_x": 1600,
                "image_size_y": 900,
                "intrinsic": [
                    [
                        1142.5184053936916,
                        0.0,
                        800.0
                    ],
                    [
                        0.0,
                        1142.5184053936916,
                        450.0
                    ],
                    [
                        0.0,
                        0.0,
                        1.0
                    ]
                ],
                "location": [
                    -3708.0244140625,
                    1040.141357421875,
                    347.0015869140625
                ],
                "rotation": [
                    -0.46361273527145386,
                    -1.2551640272140503,
                    -44.362518310546875
                ],
                "world2cam": [
                    [
                        0.7149068713188171,
                        -0.6991729140281677,
                        -0.00809148047119379,
                        3380.938720703125
                    ],
                    [
                        0.6991547346115112,
                        0.7146347761154175,
                        0.021904274821281433,
                        1841.5609130859375
                    ],
                    [
                        -0.009532421827316284,
                        -0.021316712722182274,
                        0.9997273087501526,
                        -360.0810241699219
                    ],
                    [
                        0.0,
                        0.0,
                        0.0,
                        1.0
                    ]
                ]
            },
            "CAM_BACK_RIGHT": {
                "cam2ego": [
                    [
                        -0.3420201433256687,
                        -0.9396926207859084,
                        0.0,
                        -0.32
                    ],
                    [
                        0.9396926207859084,
                        -0.3420201433256687,
                        -0.0,
                        0.55
                    ],
                    [
                        0.0,
                        -0.0,
                        1.0,
                        1.6
                    ],
                    [
                        0.0,
                        0.0,
                        0.0,
                        1.0
                    ]
                ],
                "fov": 70.0,
                "image_size_x": 1600,
                "image_size_y": 900,
                "intrinsic": [
                    [
                        1142.5184053936916,
                        0.0,
                        800.0
                    ],
                    [
                        0.0,
                        1142.5184053936916,
                        450.0
                    ],
                    [
                        0.0,
                        0.0,
                        1.0
                    ]
                ],
                "location": [
                    -3709.026123046875,
                    1040.5950927734375,
                    347.001708984375
                ],
                "rotation": [
                    -0.45157110691070557,
                    1.2595456838607788,
                    175.62738037109375
                ],
                "world2cam": [
                    [
                        -0.9970583319664001,
                        0.07624031603336334,
                        -0.007881321012973785,
                        -3774.7158203125
                    ],
                    [
                        -0.07605151832103729,
                        -0.9968615770339966,
                        -0.02198076620697975,
                        762.8795776367188
                    ],
                    [
                        -0.009532405994832516,
                        -0.02131671831011772,
                        0.9997273087501526,
                        -360.0809326171875
                    ],
                    [
                        0.0,
                        0.0,
                        0.0,
                        1.0
                    ]
                ]
            },
            "CAM_FRONT": {
                "cam2ego": [
                    [
                        1.0,
                        0.0,
                        -0.0,
                        0.8
                    ],
                    [
                        0.0,
                        1.0,
                        0.0,
                        0.0
                    ],
                    [
                        0.0,
                        -0.0,
                        1.0,
                        1.6
                    ],
                    [
                        0.0,
                        0.0,
                        0.0,
                        1.0
                    ]
                ],
                "fov": 70.0,
                "image_size_x": 1600,
                "image_size_y": 900,
                "intrinsic": [
                    [
                        1142.5184053936916,
                        0.0,
                        800.0
                    ],
                    [
                        0.0,
                        1142.5184053936916,
                        450.0
                    ],
                    [
                        0.0,
                        0.0,
                        1.0
                    ]
                ],
                "location": [
                    -3708.06298828125,
                    1041.38818359375,
                    347.0278015136719
                ],
                "rotation": [
                    1.3380203247070312,
                    -0.0064087314531207085,
                    65.63230895996094
                ],
                "world2cam": [
                    [
                        0.41247838735580444,
                        0.9106680750846863,
                        0.023350736126303673,
                        573.0335693359375
                    ],
                    [
                        -0.9109175205230713,
                        0.412588506937027,
                        0.00011182296293554828,
                        -3807.443115234375
                    ],
                    [
                        -0.009532411582767963,
                        -0.02131671831011772,
                        0.9997273087501526,
                        -360.0809631347656
                    ],
                    [
                        0.0,
                        0.0,
                        0.0,
                        1.0
                    ]
                ]
            },
            "CAM_FRONT_LEFT": {
                "cam2ego": [
                    [
                        0.5735764363510462,
                        0.8191520442889918,
                        0.0,
                        0.27
                    ],
                    [
                        -0.8191520442889918,
                        0.5735764363510462,
                        0.0,
                        -0.55
                    ],
                    [
                        0.0,
                        -0.0,
                        1.0,
                        1.6
                    ],
                    [
                        0.0,
                        0.0,
                        0.0,
                        1.0
                    ]
                ],
                "fov": 70.0,
                "image_size_x": 1600,
                "image_size_y": 900,
                "intrinsic": [
                    [
                        1142.5184053936916,
                        0.0,
                        800.0
                    ],
                    [
                        0.0,
                        1142.5184053936916,
                        450.0
                    ],
                    [
                        0.0,
                        0.0,
                        1.0
                    ]
                ],
                "location": [
                    -3707.78076171875,
                    1040.6785888671875,
                    347.015380859375
                ],
                "rotation": [
                    0.7621670961380005,
                    -1.099782109260559,
                    10.62506103515625
                ],
                "world2cam": [
                    [
                        0.9827678203582764,
                        0.18436495959758759,
                        0.01330193318426609,
                        3447.406982421875
                    ],
                    [
                        -0.18459822237491608,
                        0.9826266169548035,
                        0.019191943109035492,
                        -1713.708251953125
                    ],
                    [
                        -0.009532513096928596,
                        -0.021316736936569214,
                        0.9997273087501526,
                        -360.0813293457031
                    ],
                    [
                        0.0,
                        0.0,
                        0.0,
                        1.0
                    ]
                ]
            },
            "CAM_FRONT_RIGHT": {
                "cam2ego": [
                    [
                        0.5735764363510462,
                        -0.8191520442889918,
                        -0.0,
                        0.27
                    ],
                    [
                        0.8191520442889918,
                        0.5735764363510462,
                        0.0,
                        0.55
                    ],
                    [
                        0.0,
                        -0.0,
                        1.0,
                        1.6
                    ],
                    [
                        0.0,
                        0.0,
                        0.0,
                        1.0
                    ]
                ],
                "fov": 70.0,
                "image_size_x": 1600,
                "image_size_y": 900,
                "intrinsic": [
                    [
                        1142.5184053936916,
                        0.0,
                        800.0
                    ],
                    [
                        0.0,
                        1142.5184053936916,
                        450.0
                    ],
                    [
                        0.0,
                        0.0,
                        1.0
                    ]
                ],
                "location": [
                    -3708.782958984375,
                    1041.1324462890625,
                    347.0155029296875
                ],
                "rotation": [
                    0.7726582884788513,
                    1.0924328565597534,
                    120.63973999023438
                ],
                "world2cam": [
                    [
                        -0.509591817855835,
                        0.8603105545043945,
                        0.013485021889209747,
                        -2790.342041015625
                    ],
                    [
                        -0.8603634238243103,
                        -0.5093243718147278,
                        -0.019063660874962807,
                        -2654.011474609375
                    ],
                    [
                        -0.009532419964671135,
                        -0.021316705271601677,
                        0.9997272491455078,
                        -360.0810241699219
                    ],
                    [
                        0.0,
                        0.0,
                        0.0,
                        1.0
                    ]
                ]
            },
            "LIDAR_TOP": {
                "lidar2ego": [
                    [
                        1.0,
                        0.0,
                        -0.0,
                        -0.39
                    ],
                    [
                        0.0,
                        1.0,
                        0.0,
                        0.0
                    ],
                    [
                        0.0,
                        -0.0,
                        1.0,
                        1.84
                    ],
                    [
                        0.0,
                        0.0,
                        0.0,
                        1.0
                    ]
                ],
                "location": [
                    -3708.556396484375,
                    1040.29931640625,
                    347.2399597167969
                ],
                "rotation": [
                    1.3380203247070312,
                    -0.0064087314531207085,
                    65.63230895996094
                ],
                "world2lidar": [
                    [
                        0.41247838735580444,
                        0.9106680750846863,
                        0.023350736126303673,
                        574.2236328125
                    ],
                    [
                        -0.9109175205230713,
                        0.412588506937027,
                        0.00011182296293554828,
                        -3807.443359375
                    ],
                    [
                        -0.009532411582767963,
                        -0.02131671831011772,
                        0.9997273087501526,
                        -360.32098388671875
                    ],
                    [
                        0.0,
                        0.0,
                        0.0,
                        1.0
                    ]
                ]
            },
            "RADAR_BACK_LEFT": {
                "location": [
                    -3708.597412109375,
                    1038.5850830078125,
                    345.8726501464844
                ],
                "radar2ego": [
                    [
                        6.123233995736766e-17,
                        1.0,
                        0.0,
                        -2.0
                    ],
                    [
                        -1.0,
                        6.123233995736766e-17,
                        0.0,
                        -0.67
                    ],
                    [
                        0.0,
                        -0.0,
                        1.0,
                        0.51
                    ],
                    [
                        0.0,
                        0.0,
                        0.0,
                        1.0
                    ]
                ],
                "rotation": [
                    -0.006406717002391815,
                    -1.3380202054977417,
                    -24.367538452148438
                ],
                "world2radar": [
                    [
                        0.9109175801277161,
                        -0.4125884175300598,
                        -0.0001118183063226752,
                        3806.7734375
                    ],
                    [
                        0.4124782979488373,
                        0.910668134689331,
                        0.023350734263658524,
                        575.833251953125
                    ],
                    [
                        -0.009532412514090538,
                        -0.021316716447472572,
                        0.9997273087501526,
                        -358.990966796875
                    ],
                    [
                        0.0,
                        0.0,
                        0.0,
                        1.0
                    ]
                ]
            },
            "RADAR_BACK_RIGHT": {
                "location": [
                    -3709.818115234375,
                    1039.1380615234375,
                    345.872802734375
                ],
                "radar2ego": [
                    [
                        6.123233995736766e-17,
                        1.0,
                        0.0,
                        -2.0
                    ],
                    [
                        -1.0,
                        6.123233995736766e-17,
                        0.0,
                        0.67
                    ],
                    [
                        0.0,
                        -0.0,
                        1.0,
                        0.51
                    ],
                    [
                        0.0,
                        0.0,
                        0.0,
                        1.0
                    ]
                ],
                "rotation": [
                    -0.006406717002391815,
                    -1.3380202054977417,
                    -24.367538452148438
                ],
                "world2radar": [
                    [
                        0.9109175801277161,
                        -0.4125884175300598,
                        -0.0001118183063226752,
                        3808.113525390625
                    ],
                    [
                        0.4124782979488373,
                        0.910668134689331,
                        0.023350734263658524,
                        575.8331909179688
                    ],
                    [
                        -0.009532412514090538,
                        -0.021316716447472572,
                        0.9997273087501526,
                        -358.990966796875
                    ],
                    [
                        0.0,
                        0.0,
                        0.0,
                        1.0
                    ]
                ]
            },
            "RADAR_FRONT": {
                "location": [
                    -3707.4462890625,
                    1042.750732421875,
                    345.94244384765625
                ],
                "radar2ego": [
                    [
                        1.0,
                        0.0,
                        -0.0,
                        2.27
                    ],
                    [
                        0.0,
                        1.0,
                        0.0,
                        0.0
                    ],
                    [
                        0.0,
                        -0.0,
                        1.0,
                        0.48
                    ],
                    [
                        0.0,
                        0.0,
                        0.0,
                        1.0
                    ]
                ],
                "rotation": [
                    1.3380203247070312,
                    -0.0064087314531207085,
                    65.63230895996094
                ],
                "world2radar": [
                    [
                        0.41247838735580444,
                        0.9106680750846863,
                        0.023350736126303673,
                        571.5636596679688
                    ],
                    [
                        -0.9109175205230713,
                        0.412588506937027,
                        0.00011182296293554828,
                        -3807.443359375
                    ],
                    [
                        -0.009532411582767963,
                        -0.02131671831011772,
                        0.9997273087501526,
                        -358.96099853515625
                    ],
                    [
                        0.0,
                        0.0,
                        0.0,
                        1.0
                    ]
                ]
            },
            "RADAR_FRONT_LEFT": {
                "location": [
                    -3707.11181640625,
                    1041.42919921875,
                    346.1775207519531
                ],
                "radar2ego": [
                    [
                        6.123233995736766e-17,
                        1.0,
                        0.0,
                        1.21
                    ],
                    [
                        -1.0,
                        6.123233995736766e-17,
                        0.0,
                        -0.85
                    ],
                    [
                        0.0,
                        -0.0,
                        1.0,
                        0.74
                    ],
                    [
                        0.0,
                        0.0,
                        0.0,
                        1.0
                    ]
                ],
                "rotation": [
                    -0.006406717002391815,
                    -1.3380202054977417,
