{
    "ego": {
        "base_type": "car",
        "bbx_loc": [
            -0.006222173571586609,
            -7.307081978069618e-05,
            0.7488479614257812
        ],
        "bike_lane_left": false,
        "bike_lane_right": false,
        "brake": 0.0,
        "center": [
            1854.911376953125,
            -1701.5546875,
            335.2352600097656
        ],
        "class": "ego_vehicle",
        "color": "0,0,0",
        "distance_to_junction": null,
        "distance_to_junction_ego": null,
        "ego_lane_number": 0,
        "extent": [
            2.44619083404541,
            0.9183566570281982,
            0.7451388239860535
        ],
        "hazard_detected_10": false,
        "hazard_detected_15": false,
        "hazard_detected_20": false,
        "hazard_detected_40": false,
        "id": "23241",
        "is_in_junction": false,
        "junction_id": -1,
        "lane_change": 0,
        "lane_change_str": "NONE",
        "lane_id": -1,
        "lane_type": 2,
        "lane_type_str": "Driving",
        "left_lane_marking_color": 4,
        "left_lane_marking_color_str": "Yellow",
        "left_lane_marking_type": 1,
        "left_lane_marking_type_str": "Broken",
        "location": [
            1854.908447265625,
            -1701.554931640625,
            334.48638916015625
        ],
        "next_junction_id": -1,
        "next_junction_id_ego": -1,
        "next_next_road_ids": [
            12661
        ],
        "next_next_road_ids_ego": [
            12661
        ],
        "next_road_ids": [
            370
        ],
        "next_road_ids_ego": [
            370
        ],
        "num_lanes_opposite_direction": 1,
        "num_lanes_same_direction": 1,
        "parking_left": false,
        "parking_right": false,
        "position": [
            -3.4807271731551737e-08,
            -3.5593665415945e-05,
            -1.8893767986583043e-05
        ],
        "right_lane_marking_color": 0,
        "right_lane_marking_color_str": "White",
        "right_lane_marking_type": 2,
        "right_lane_marking_type_str": "Solid",
        "road_id": 370,
        "rotation": [
            -0.2535024583339691,
            8.828471618471667e-05,
            -175.62261962890625
        ],
        "section_id": 1,
        "semantic_tags": [
            [
                14
            ]
        ],
        "shoulder_left": true,
        "shoulder_right": true,
        "sidewalk_left": false,
        "sidewalk_right": false,
        "speed": 3.637720286527781e-06,
        "type_id": "vehicle.lincoln.mkz_2020",
        "virtual_steer": 0.06540873367122968,
        "world2ego": [
            [
                -0.9970731735229492,
                -0.07632467150688171,
                -0.004424437880516052,
                1721.0887451171875
            ],
            [
                0.076325424015522,
                -0.9970829486846924,
                -1.5408439821840147e-06,
                -1838.1676025390625
            ],
            [
                -0.004411413799971342,
                -0.00033923343289643526,
                0.9999902248382568,
                -326.8775939941406
            ],
            [
                0.0,
                0.0,
                0.0,
                1.0
            ]
        ],
        "world_cord": [
            [
                1852.5390625,
                -1702.6572265625,
                335.9695739746094
            ],
            [
                1852.545654296875,
                -1702.65673828125,
                334.47930908203125
            ],
            [
                1852.39892578125,
                -1700.825927734375,
                335.9695739746094
            ],
            [
                1852.405517578125,
                -1700.825439453125,
                334.47930908203125
            ],
            [
                1857.417236328125,
                -1702.2838134765625,
                335.9912109375
            ],
            [
                1857.4237060546875,
                -1702.2833251953125,
                334.5009460449219
            ],
            [
                1857.2769775390625,
                -1700.4525146484375,
                335.9912109375
            ],
            [
                1857.2835693359375,
                -1700.4520263671875,
                334.5009460449219
            ]
        ],
        "yaw": -3.065192953502036
    },
    "measuerments": {
        "acceleration": [
            -0.04321387782692909,
            0.0006291696336120367,
            9.775042533874512
        ],
        "angular_velocity": [
            0.0010732995579019189,
            -0.0006327175651676953,
            -0.0008275993168354034
        ],
        "bounding_boxes": [
            {
                "base_type": "car",
                "bbx_loc": [
                    -0.006222173571586609,
                    -7.307081978069618e-05,
                    0.7488479614257812
                ],
                "bike_lane_left": false,
                "bike_lane_right": false,
                "brake": 0.0,
                "center": [
                    1854.911376953125,
                    -1701.5546875,
                    335.2352600097656
                ],
                "class": "ego_vehicle",
                "color": "0,0,0",
                "distance_to_junction": null,
                "distance_to_junction_ego": null,
                "ego_lane_number": 0,
                "extent": [
                    2.44619083404541,
                    0.9183566570281982,
                    0.7451388239860535
                ],
                "hazard_detected_10": false,
                "hazard_detected_15": false,
                "hazard_detected_20": false,
                "hazard_detected_40": false,
                "id": "23241",
                "is_in_junction": false,
                "junction_id": -1,
                "lane_change": 0,
                "lane_change_str": "NONE",
                "lane_id": -1,
                "lane_type": 2,
                "lane_type_str": "Driving",
                "left_lane_marking_color": 4,
                "left_lane_marking_color_str": "Yellow",
                "left_lane_marking_type": 1,
                "left_lane_marking_type_str": "Broken",
                "location": [
                    1854.908447265625,
                    -1701.554931640625,
                    334.48638916015625
                ],
                "next_junction_id": -1,
                "next_junction_id_ego": -1,
                "next_next_road_ids": [
                    12661
                ],
                "next_next_road_ids_ego": [
                    12661
                ],
                "next_road_ids": [
                    370
                ],
                "next_road_ids_ego": [
                    370
                ],
                "num_lanes_opposite_direction": 1,
                "num_lanes_same_direction": 1,
                "parking_left": false,
                "parking_right": false,
                "position": [
                    -3.4807271731551737e-08,
                    -3.5593665415945e-05,
                    -1.8893767986583043e-05
                ],
                "right_lane_marking_color": 0,
                "right_lane_marking_color_str": "White",
                "right_lane_marking_type": 2,
                "right_lane_marking_type_str": "Solid",
                "road_id": 370,
                "rotation": [
                    -0.2535024583339691,
                    8.828471618471667e-05,
                    -175.62261962890625
                ],
                "section_id": 1,
                "semantic_tags": [
                    [
                        14
                    ]
                ],
                "shoulder_left": true,
                "shoulder_right": true,
                "sidewalk_left": false,
                "sidewalk_right": false,
                "speed": 3.637720286527781e-06,
                "type_id": "vehicle.lincoln.mkz_2020",
                "virtual_steer": 0.06540873367122968,
                "world2ego": [
                    [
                        -0.9970731735229492,
                        -0.07632467150688171,
                        -0.004424437880516052,
                        1721.0887451171875
                    ],
                    [
                        0.076325424015522,
                        -0.9970829486846924,
                        -1.5408439821840147e-06,
                        -1838.1676025390625
                    ],
                    [
                        -0.004411413799971342,
                        -0.00033923343289643526,
                        0.9999902248382568,
                        -326.8775939941406
                    ],
                    [
                        0.0,
                        0.0,
                        0.0,
                        1.0
                    ]
                ],
                "world_cord": [
                    [
                        1852.5390625,
                        -1702.6572265625,
                        335.9695739746094
                    ],
                    [
                        1852.545654296875,
                        -1702.65673828125,
                        334.47930908203125
                    ],
                    [
                        1852.39892578125,
                        -1700.825927734375,
                        335.9695739746094
                    ],
                    [
                        1852.405517578125,
                        -1700.825439453125,
                        334.47930908203125
                    ],
                    [
                        1857.417236328125,
                        -1702.2838134765625,
                        335.9912109375
                    ],
                    [
                        1857.4237060546875,
                        -1702.2833251953125,
                        334.5009460449219
                    ],
                    [
                        1857.2769775390625,
                        -1700.4525146484375,
                        335.9912109375
                    ],
                    [
                        1857.2835693359375,
                        -1700.4520263671875,
                        334.5009460449219
                    ]
                ],
                "yaw": -3.065192953502036
            },
            {
                "base_type": "bicycle",
                "bbx_loc": [
                    0.0,
                    7.629394360719743e-08,
                    0.8082212805747986
                ],
                "brake": 0.0,
                "center": [
                    1793.0447998046875,
                    -1706.7684326171875,
                    335.23468017578125
                ],
                "class": "vehicle",
                "color": "20,78,217",
                "color_name": null,
                "color_rgb": null,
                "distance": 62.08700559308646,
                "distance_to_junction": null,
                "extent": [
                    0.7546613812446594,
                    0.4329703152179718,
                    0.8061768412590027
                ],
                "id": "23243",
                "is_in_junction": false,
                "junction_id": -1,
                "lane_id": -1,
                "lane_relative_to_ego": 0,
                "lane_type": 2,
                "lane_type_str": "Driving",
                "light_state": "3",
                "location": [
                    1793.040771484375,
                    -1706.76904296875,
                    334.4264831542969
                ],
                "next_junction_id": -1,
                "next_next_road_ids": [
                    12661
                ],
                "next_road_ids": [
                    370
                ],
                "num_points": 1,
                "position": [
                    62.08483017961362,
                    0.47678940959872307,
                    0.21476840556243815
                ],
                "road_id": 370,
                "rotation": [
                    0.2895317077636719,
                    -0.02359008602797985,
                    -176.51312255859375
                ],
                "same_direction_as_ego": true,
                "same_road_as_ego": true,
                "section_id": 1,
                "semantic_tags": [
                    19,
                    4
                ],
                "speed": 4.09864956713682e-05,
                "state": "dynamic",
                "steer": -0.010532159277976587,
                "type_id": "vehicle.bh.crossbike",
                "vehicle_cuts_in": false,
                "world2vehicle": [
                    [
                        -0.9981359839439392,
                        -0.060819111764431,
                        0.005053259897977114,
                        1684.204345703125
                    ],
                    [
                        0.060821957886219025,
                        -0.9981485605239868,
                        0.0004117194330319762,
                        -1812.802978515625
                    ],
                    [
                        0.0050188638269901276,
                        0.0007183011621236801,
                        0.9999871850013733,
                        -342.19525146484375
                    ],
                    [
                        0.0,
                        0.0,
                        0.0,
                        1.0
                    ]
                ],
                "world_cord": [
                    [
                        1792.3218994140625,
                        -1707.2459716796875,
                        336.04486083984375
                    ],
                    [
                        1792.3138427734375,
                        -1707.2470703125,
                        334.4325256347656
                    ],
                    [
                        1792.269287109375,
                        -1706.381591796875,
                        336.04449462890625
                    ],
                    [
                        1792.26123046875,
                        -1706.3828125,
                        334.4321594238281
                    ],
                    [
                        1793.8284912109375,
                        -1707.1541748046875,
                        336.0372314453125
                    ],
                    [
                        1793.8203125,
                        -1707.1552734375,
                        334.4248962402344
                    ],
                    [
                        1793.7757568359375,
                        -1706.289794921875,
                        336.036865234375
                    ],
                    [
                        1793.7677001953125,
                        -1706.291015625,
                        334.4245300292969
                    ]
                ],
                "yaw": -3.065192953502036
            },
            {
                "base_type": "bicycle",
                "bbx_loc": [
                    0.0,
                    7.629394360719743e-08,
                    0.8157447576522827
                ],
                "brake": 0.0,
                "center": [
                    1802.0306396484375,
                    -1706.2154541015625,
                    335.1822814941406
                ],
                "class": "vehicle",
                "color": "214,0,0",
                "color_name": null,
                "color_rgb": null,
                "distance": 53.08132399342535,
                "distance_to_junction": null,
                "extent": [
                    0.8281218409538269,
                    0.2912190854549408,
                    0.8098834753036499
                ],
                "id": "23242",
                "is_in_junction": false,
                "junction_id": -1,
                "lane_id": -1,
                "lane_relative_to_ego": 0,
                "lane_type": 2,
                "lane_type_str": "Driving",
                "light_state": "3",
                "location": [
                    1802.0321044921875,
                    -1706.21533203125,
                    334.3665466308594
                ],
                "next_junction_id": -1,
                "next_next_road_ids": [
                    12661
                ],
                "next_road_ids": [
                    370
                ],
                "num_points": 0,
                "position": [
                    53.07781662332263,
                    0.610961071956126,
                    0.11498014024118675
                ],
                "road_id": 370,
                "rotation": [
                    -0.10653728246688843,
                    0.0024478109553456306,
                    -176.38304138183594
                ],
                "same_direction_as_ego": true,
                "same_road_as_ego": true,
                "section_id": 1,
                "semantic_tags": [
                    19,
                    4
                ],
                "speed": 0.0,
                "state": "dynamic",
                "steer": 0.0,
                "type_id": "vehicle.diamondback.century",
                "vehicle_cuts_in": false,
                "world2vehicle": [
                    [
                        -0.9980063438415527,
                        -0.0630858764052391,
                        -0.0018594253342598677,
                        1691.423095703125
                    ],
                    [
                        0.06308607012033463,
                        -0.9980080723762512,
                        -4.2722287616925314e-05,
                        -1816.4854736328125
                    ],
                    [
                        -0.0018530263332650065,
                        -0.0001599409442860633,
                        0.9999982714653015,
                        -331.2996520996094
                    ],
                    [
                        0.0,
                        0.0,
                        0.0,
                        1.0
                    ]
                ],
                "world_cord": [
                    [
                        1801.220947265625,
                        -1706.5584716796875,
                        335.9906311035156
                    ],
                    [
                        1801.2239990234375,
                        -1706.5582275390625,
                        334.370849609375
                    ],
                    [
                        1801.1842041015625,
                        -1705.9771728515625,
                        335.9906311035156
                    ],
                    [
                        1801.187255859375,
                        -1705.9769287109375,
                        334.3708801269531
                    ],
                    [
                        1802.8739013671875,
                        -1706.4539794921875,
                        335.99371337890625
                    ],
                    [
                        1802.876953125,
                        -1706.4537353515625,
                        334.3739318847656
                    ],
                    [
                        1802.837158203125,
                        -1705.8726806640625,
                        335.99371337890625
                    ],
                    [
                        1802.8402099609375,
                        -1705.8724365234375,
                        334.37396240234375
                    ]
                ],
                "yaw": -3.065192953502036
            }
        ],
        "brake": 0.0,
        "changed_route": false,
        "command": 4,
        "command_far": 4,
        "command_near": 4,
        "control_brake": false,
        "next_command": 4,
        "only_ap_brake": false,
        "reverse": false,
        "sensors": {
            "CAM_BACK": {
                "cam2ego": [
                    [
                        -1.0,
                        -1.2246467991473532e-16,
                        0.0,
                        -2.0
                    ],
                    [
                        1.2246467991473532e-16,
                        -1.0,
                        -0.0,
                        0.0
                    ],
                    [
                        0.0,
                        -0.0,
                        1.0,
                        1.6
                    ],
                    [
                        0.0,
                        0.0,
                        0.0,
                        1.0
                    ]
                ],
                "fov": 110.0,
                "image_size_x": 1600,
                "image_size_y": 900,
                "intrinsic": [
                    [
                        560.1660305677678,
                        0.0,
                        800.0
                    ],
                    [
                        0.0,
                        560.1660305677678,
                        450.0
                    ],
                    [
                        0.0,
                        0.0,
                        1.0
                    ]
                ],
                "location": [
                    1856.8956298828125,
                    -1701.40283203125,
                    336.09521484375
                ],
                "rotation": [
                    0.2535024583339691,
                    -8.819466893328354e-05,
                    4.377386093139648
                ],
                "world2cam": [
                    [
                        0.9970731735229492,
                        0.07632474601268768,
                        0.004424437880516052,
                        -1723.0887451171875
                    ],
                    [
                        -0.07632549852132797,
                        0.9970829486846924,
                        1.5392723753393511e-06,
                        1838.167724609375
                    ],
                    [
                        -0.004411414265632629,
                        -0.0003392321814317256,
                        0.9999902248382568,
                        -328.4775390625
                    ],
                    [
                        0.0,
                        0.0,
                        0.0,
                        1.0
                    ]
                ]
            },
            "CAM_BACK_LEFT": {
                "cam2ego": [
                    [
                        -0.3420201433256687,
                        0.9396926207859084,
                        0.0,
                        -0.32
                    ],
                    [
                        -0.9396926207859084,
                        -0.3420201433256687,
                        0.0,
                        -0.55
                    ],
                    [
                        0.0,
                        -0.0,
                        1.0,
                        1.6
                    ],
                    [
                        0.0,
                        0.0,
                        0.0,
                        1.0
                    ]
                ],
                "fov": 70.0,
                "image_size_x": 1600,
                "image_size_y": 900,
                "intrinsic": [
                    [
                        1142.5184053936916,
                        0.0,
                        800.0
                    ],
                    [
                        0.0,
                        1142.5184053936916,
                        450.0
                    ],
                    [
                        0.0,
                        0.0,
                        1.0
                    ]
                ],
                "location": [
                    1855.1783447265625,
                    -1700.9827880859375,
                    336.0877990722656
                ],
                "rotation": [
                    0.08678437769412994,
                    0.23819099366664886,
                    74.3775405883789
                ],
                "world2cam": [
                    [
                        0.2692970037460327,
                        0.9630560278892517,
                        0.0015146725345402956,
                        1138.0386962890625
                    ],
                    [
                        -0.9630470871925354,
                        0.26930102705955505,
                        -0.004157200455665588,
                        2246.097900390625
                    ],
                    [
                        -0.004411519505083561,
                        -0.00033917941618710756,
                        0.9999902248382568,
                        -328.477294921875
                    ],
                    [
                        0.0,
                        0.0,
                        0.0,
                        1.0
                    ]
                ]
            },
            "CAM_BACK_RIGHT": {
                "cam2ego": [
                    [
                        -0.3420201433256687,
                        -0.9396926207859084,
                        0.0,
                        -0.32
                    ],
                    [
                        0.9396926207859084,
                        -0.3420201433256687,
                        -0.0,
                        0.55
                    ],
                    [
                        0.0,
                        -0.0,
                        1.0,
                        1.6
                    ],
                    [
                        0.0,
                        0.0,
                        0.0,
                        1.0
                    ]
                ],
                "fov": 70.0,
                "image_size_x": 1600,
                "image_size_y": 900,
                "intrinsic": [
                    [
                        1142.5184053936916,
                        0.0,
                        800.0
                    ],
                    [
                        0.0,
                        1142.5184053936916,
                        450.0
                    ],
                    [
                        0.0,
                        0.0,
                        1.0
                    ]
                ],
                "location": [
                    1855.262451171875,
                    -1702.0794677734375,
                    336.0877990722656
                ],
                "rotation": [
                    0.08662045747041702,
                    -0.23825138807296753,
                    -65.62285614013672
                ],
                "world2cam": [
                    [
                        0.41274070739746094,
                        -0.9108473658561707,
                        0.0015118116280063987,
                        -2316.5849609375
                    ],
                    [
                        0.9108378887176514,
                        0.41274333000183105,
                        0.004158254247158766,
                        -988.7189331054688
                    ],
                    [
                        -0.004411525093019009,
                        -0.00033926533069461584,
                        0.9999902248382568,
                        -328.4774169921875
                    ],
                    [
                        0.0,
                        0.0,
                        0.0,
                        1.0
                    ]
                ]
            },
            "CAM_FRONT": {
                "cam2ego": [
                    [
                        1.0,
                        0.0,
                        -0.0,
                        0.8
                    ],
                    [
                        0.0,
                        1.0,
                        0.0,
                        0.0
                    ],
                    [
                        0.0,
                        -0.0,
                        1.0,
                        1.6
                    ],
                    [
                        0.0,
                        0.0,
                        0.0,
                        1.0
                    ]
                ],
                "fov": 70.0,
                "image_size_x": 1600,
                "image_size_y": 900,
                "intrinsic": [
                    [
                        1142.5184053936916,
                        0.0,
                        800.0
                    ],
                    [
                        0.0,
                        1142.5184053936916,
                        450.0
                    ],
                    [
                        0.0,
                        0.0,
                        1.0
                    ]
                ],
                "location": [
                    1854.103759765625,
                    -1701.6165771484375,
                    336.0828552246094
                ],
                "rotation": [
                    -0.2535024583339691,
                    8.828471618471667e-05,
                    -175.62261962890625
                ],
                "world2cam": [
                    [
                        -0.9970731735229492,
                        -0.07632467150688171,
                        -0.004424437880516052,
                        1720.2886962890625
                    ],
                    [
                        0.076325424015522,
                        -0.9970829486846924,
                        -1.5408439821840147e-06,
                        -1838.1676025390625
                    ],
                    [
                        -0.004411413799971342,
                        -0.00033923343289643526,
                        0.9999902248382568,
                        -328.47760009765625
                    ],
                    [
                        0.0,
                        0.0,
                        0.0,
                        1.0
                    ]
                ]
            },
            "CAM_FRONT_LEFT": {
                "cam2ego": [
                    [
                        0.5735764363510462,
                        0.8191520442889918,
                        0.0,
                        0.27
                    ],
                    [
                        -0.8191520442889918,
                        0.5735764363510462,
                        0.0,
                        -0.55
                    ],
                    [
                        0.0,
                        -0.0,
                        1.0,
                        1.6
                    ],
                    [
                        0.0,
                        0.0,
                        0.0,
                        1.0
                    ]
                ],
                "fov": 70.0,
                "image_size_x": 1600,
                "image_size_y": 900,
                "intrinsic": [
                    [
                        1142.5184053936916,
                        0.0,
                        800.0
                    ],
                    [
                        0.0,
                        1142.5184053936916,
                        450.0
                    ],
                    [
                        0.0,
                        0.0,
                        1.0
                    ]
                ],
                "location": [
                    1854.59033203125,
                    -1701.02783203125,
                    336.0851745605469
                ],
                "rotation": [
                    -0.14533275365829468,
                    0.20771390199661255,
                    129.3770751953125
                ],
                "world2cam": [
                    [
                        -0.6344192624092102,
                        0.7729849815368652,
                        -0.002536532236263156,
                        2492.3095703125
                    ],
                    [
                        -0.7729765772819519,
                        -0.6344242095947266,
                        -0.0036252718418836594,
                        355.6001281738281
                    ],
                    [
                        -0.004411518573760986,
                        -0.0003392621874809265,
                        0.9999902248382568,
                        -328.4774169921875
                    ],
                    [
                        0.0,
                        0.0,
                        0.0,
                        1.0
                    ]
                ]
            },
            "CAM_FRONT_RIGHT": {
                "cam2ego": [
                    [
                        0.5735764363510462,
                        -0.8191520442889918,
                        -0.0,
                        0.27
                    ],
                    [
                        0.8191520442889918,
                        0.5735764363510462,
                        0.0,
                        0.55
                    ],
                    [
                        0.0,
                        -0.0,
                        1.0,
                        1.6
                    ],
                    [
                        0.0,
                        0.0,
                        0.0,
                        1.0
                    ]
                ],
                "fov": 70.0,
                "image_size_x": 1600,
                "image_size_y": 900,
                "intrinsic": [
                    [
                        1142.5184053936916,
                        0.0,
                        800.0
                    ],
                    [
                        0.0,
                        1142.5184053936916,
                        450.0
                    ],
                    [
                        0.0,
                        0.0,
                        1.0
                    ]
                ],
                "location": [
                    1854.6741943359375,
                    -1702.12451171875,
                    336.0851745605469
                ],
                "rotation": [
                    -0.14547619223594666,
                    -0.20761257410049438,
                    -120.62239074707031
                ],
                "world2cam": [
                    [
                        -0.5093759894371033,
                        -0.8605403304100037,
                        -0.0025390356313437223,
                        -519.1669921875
                    ],
                    [
                        0.8605327010154724,
                        -0.5093822479248047,
                        0.0036235034931451082,
                        -2464.257568359375
                    ],
                    [
                        -0.004411510191857815,
                        -0.00033919746056199074,
                        0.9999902248382568,
                        -328.4773254394531
                    ],
                    [
                        0.0,
                        0.0,
                        0.0,
                        1.0
                    ]
                ]
            },
            "LIDAR_TOP": {
                "lidar2ego": [
                    [
                        1.0,
                        0.0,
                        -0.0,
                        -0.39
                    ],
                    [
                        0.0,
                        1.0,
                        0.0,
                        0.0
                    ],
                    [
                        0.0,
                        -0.0,
                        1.0,
                        1.84
                    ],
                    [
                        0.0,
                        0.0,
                        0.0,
                        1.0
                    ]
                ],
                "location": [
                    1855.2891845703125,
                    -1701.52587890625,
                    336.328125
                ],
                "rotation": [
                    -0.2535024583339691,
                    8.828471618471667e-05,
                    -175.62261962890625
                ],
                "world2lidar": [
                    [
                        -0.9970731735229492,
                        -0.07632467150688171,
                        -0.004424437880516052,
                        1721.478759765625
                    ],
                    [
                        0.076325424015522,
                        -0.9970829486846924,
                        -1.5408439821840147e-06,
                        -1838.167724609375
                    ],
                    [
                        -0.004411413799971342,
                        -0.00033923343289643526,
                        0.9999902248382568,
                        -328.71759033203125
                    ],
                    [
                        0.0,
                        0.0,
                        0.0,
                        1.0
                    ]
                ]
            },
            "RADAR_BACK_LEFT": {
                "location": [
                    1856.849365234375,
                    -1700.734375,
                    335.0052185058594
                ],
                "radar2ego": [
                    [
                        6.123233995736766e-17,
                        1.0,
                        0.0,
                        -2.0
                    ],
                    [
                        -1.0,
                        6.123233995736766e-17,
                        0.0,
                        -0.67
                    ],
                    [
                        0.0,
                        -0.0,
                        1.0,
                        0.51
                    ],
                    [
                        0.0,
                        0.0,
                        0.0,
                        1.0
                    ]
                ],
                "rotation": [
                    8.879245433490723e-05,
                    0.2535094618797302,
                    94.37734985351562
                ],
                "world2radar": [
                    [
                        -0.07632483541965485,
                        0.9970830082893372,
                        1.5497206504733185e-06,
                        1837.49658203125
                    ],
                    [
                        -0.997073233127594,
                        -0.07632408291101456,
                        -0.004424560349434614,
                        1723.090087890625
                    ],
                    [
                        -0.004411535803228617,
                        -0.00033924903254956007,
                        0.9999902248382568,
                        -327.3873596191406
                    ],
                    [
                        0.0,
                        0.0,
                        0.0,
                        1.0
                    ]
                ]
            },
            "RADAR_BACK_RIGHT": {
                "location": [
                    1856.9515380859375,
                    -1702.070556640625,
                    335.0052185058594
                ],
                "radar2ego": [
                    [
                        6.123233995736766e-17,
