{
    "ego": {
        "base_type": "car",
        "bbx_loc": [
            -0.0064112222753465176,
            -0.00010599374218145385,
            0.7488362193107605
        ],
        "bike_lane_left": false,
        "bike_lane_right": false,
        "brake": 0.0,
        "center": [
            3964.85107421875,
            4459.1796875,
            369.0445861816406
        ],
        "class": "ego_vehicle",
        "color": "0,0,0",
        "distance_to_junction": 116.00032043457031,
        "distance_to_junction_ego": 116.00032043457031,
        "ego_lane_number": 1,
        "extent": [
            2.44619083404541,
            0.9183566570281982,
            0.7451388239860535
        ],
        "hazard_detected_10": false,
        "hazard_detected_15": false,
        "hazard_detected_20": false,
        "hazard_detected_40": false,
        "id": "56760",
        "is_in_junction": false,
        "junction_id": -1,
        "lane_change": 2,
        "lane_change_str": "Left",
        "lane_id": -3,
        "lane_type": 2,
        "lane_type_str": "Driving",
        "left_lane_marking_color": 0,
        "left_lane_marking_color_str": "White",
        "left_lane_marking_type": 1,
        "left_lane_marking_type_str": "Broken",
        "location": [
            3964.849853515625,
            4459.18701171875,
            368.2957458496094
        ],
        "next_junction_id": 19816,
        "next_junction_id_ego": 19816,
        "next_next_road_ids": [
            886
        ],
        "next_next_road_ids_ego": [
            886
        ],
        "next_road_ids": [
            19820
        ],
        "next_road_ids_ego": [
            19820
        ],
        "num_lanes_opposite_direction": 0,
        "num_lanes_same_direction": 2,
        "parking_left": false,
        "parking_right": false,
        "position": [
            7.855870580897317e-05,
            0.0002863356094167102,
            1.1727341302503191e-06
        ],
        "right_lane_marking_color": 0,
        "right_lane_marking_color_str": "White",
        "right_lane_marking_type": 2,
        "right_lane_marking_type_str": "Solid",
        "road_id": 885,
        "rotation": [
            0.06722954660654068,
            -0.0012512195389717817,
            99.03335571289062
        ],
        "section_id": 0,
        "semantic_tags": [
            [
                14
            ]
        ],
        "shoulder_left": false,
        "shoulder_right": false,
        "sidewalk_left": false,
        "sidewalk_right": true,
        "speed": 0.0,
        "type_id": "vehicle.lincoln.mkz_2020",
        "virtual_steer": 0.0,
        "world2ego": [
            [
                -0.15700936317443848,
                0.9875963926315308,
                0.0011733766878023744,
                -3781.79052734375
            ],
            [
                -0.9875971078872681,
                -0.15700951218605042,
                2.1837884560227394e-05,
                4615.80126953125
            ],
            [
                0.0002057983074337244,
                -0.0011553945951163769,
                0.9999992847442627,
                -363.9593200683594
            ],
            [
                0.0,
                0.0,
                0.0,
                1.0
            ]
        ],
        "world_cord": [
            [
                3963.560302734375,
                4461.45068359375,
                369.7926025390625
            ],
            [
                3963.559814453125,
                4461.4521484375,
                368.3023376464844
            ],
            [
                3965.374267578125,
                4461.73876953125,
                369.7925720214844
            ],
            [
                3965.373779296875,
                4461.74072265625,
                368.3022766113281
            ],
            [
                3964.328369140625,
                4456.619140625,
                369.786865234375
            ],
            [
                3964.328125,
                4456.62060546875,
                368.2966003417969
            ],
            [
                3966.142333984375,
                4456.9072265625,
                369.7868347167969
            ],
            [
                3966.14208984375,
                4456.9091796875,
                368.2965393066406
            ]
        ],
        "yaw": 1.7284581264886776
    },
    "measuerments": {
        "acceleration": [
            0.01163551863282919,
            0.0008584924507886171,
            9.790132522583008
        ],
        "angular_velocity": [
            0.0009528747759759426,
            -0.0006106403307057917,
            -0.000826600007712841
        ],
        "bounding_boxes": [
            {
                "base_type": "car",
                "bbx_loc": [
                    -0.0064112222753465176,
                    -0.00010599374218145385,
                    0.7488362193107605
                ],
                "bike_lane_left": false,
                "bike_lane_right": false,
                "brake": 0.0,
                "center": [
                    3964.85107421875,
                    4459.1796875,
                    369.0445861816406
                ],
                "class": "ego_vehicle",
                "color": "0,0,0",
                "distance_to_junction": 116.00032043457031,
                "distance_to_junction_ego": 116.00032043457031,
                "ego_lane_number": 1,
                "extent": [
                    2.44619083404541,
                    0.9183566570281982,
                    0.7451388239860535
                ],
                "hazard_detected_10": false,
                "hazard_detected_15": false,
                "hazard_detected_20": false,
                "hazard_detected_40": false,
                "id": "56760",
                "is_in_junction": false,
                "junction_id": -1,
                "lane_change": 2,
                "lane_change_str": "Left",
                "lane_id": -3,
                "lane_type": 2,
                "lane_type_str": "Driving",
                "left_lane_marking_color": 0,
                "left_lane_marking_color_str": "White",
                "left_lane_marking_type": 1,
                "left_lane_marking_type_str": "Broken",
                "location": [
                    3964.849853515625,
                    4459.18701171875,
                    368.2957458496094
                ],
                "next_junction_id": 19816,
                "next_junction_id_ego": 19816,
                "next_next_road_ids": [
                    886
                ],
                "next_next_road_ids_ego": [
                    886
                ],
                "next_road_ids": [
                    19820
                ],
                "next_road_ids_ego": [
                    19820
                ],
                "num_lanes_opposite_direction": 0,
                "num_lanes_same_direction": 2,
                "parking_left": false,
                "parking_right": false,
                "position": [
                    7.855870580897317e-05,
                    0.0002863356094167102,
                    1.1727341302503191e-06
                ],
                "right_lane_marking_color": 0,
                "right_lane_marking_color_str": "White",
                "right_lane_marking_type": 2,
                "right_lane_marking_type_str": "Solid",
                "road_id": 885,
                "rotation": [
                    0.06722954660654068,
                    -0.0012512195389717817,
                    99.03335571289062
                ],
                "section_id": 0,
                "semantic_tags": [
                    [
                        14
                    ]
                ],
                "shoulder_left": false,
                "shoulder_right": false,
                "sidewalk_left": false,
                "sidewalk_right": true,
                "speed": 0.0,
                "type_id": "vehicle.lincoln.mkz_2020",
                "virtual_steer": 0.0,
                "world2ego": [
                    [
                        -0.15700936317443848,
                        0.9875963926315308,
                        0.0011733766878023744,
                        -3781.79052734375
                    ],
                    [
                        -0.9875971078872681,
                        -0.15700951218605042,
                        2.1837884560227394e-05,
                        4615.80126953125
                    ],
                    [
                        0.0002057983074337244,
                        -0.0011553945951163769,
                        0.9999992847442627,
                        -363.9593200683594
                    ],
                    [
                        0.0,
                        0.0,
                        0.0,
                        1.0
                    ]
                ],
                "world_cord": [
                    [
                        3963.560302734375,
                        4461.45068359375,
                        369.7926025390625
                    ],
                    [
                        3963.559814453125,
                        4461.4521484375,
                        368.3023376464844
                    ],
                    [
                        3965.374267578125,
                        4461.73876953125,
                        369.7925720214844
                    ],
                    [
                        3965.373779296875,
                        4461.74072265625,
                        368.3022766113281
                    ],
                    [
                        3964.328369140625,
                        4456.619140625,
                        369.786865234375
                    ],
                    [
                        3964.328125,
                        4456.62060546875,
                        368.2966003417969
                    ],
                    [
                        3966.142333984375,
                        4456.9072265625,
                        369.7868347167969
                    ],
                    [
                        3966.14208984375,
                        4456.9091796875,
                        368.2965393066406
                    ]
                ],
                "yaw": 1.7284581264886776
            },
            {
                "base_type": "car",
                "bbx_loc": [
                    -0.0026168259792029858,
                    -3.361463313922286e-05,
                    0.720352053642273
                ],
                "brake": 0.0,
                "center": [
                    3951.708740234375,
                    4528.9658203125,
                    369.2088317871094
                ],
                "class": "vehicle",
                "color": "187,187,187",
                "color_name": null,
                "color_rgb": null,
                "distance": 71.01027447317543,
                "distance_to_junction": 45.00002670288086,
                "extent": [
                    2.3368194103240967,
                    0.9059062600135803,
                    0.7209736704826355
                ],
                "id": "56761",
                "is_in_junction": false,
                "junction_id": -1,
                "lane_id": -3,
                "lane_relative_to_ego": 1,
                "lane_type": 8,
                "lane_type_str": "Shoulder",
                "light_state": "NONE",
                "location": [
                    3951.638671875,
                    4528.95751953125,
                    368.491943359375
                ],
                "next_junction_id": 19816,
                "next_next_road_ids": [
                    886
                ],
                "next_road_ids": [
                    19820
                ],
                "num_points": 3,
                "position": [
                    70.97968981616123,
                    2.092982003588986,
                    0.11286723572243318
                ],
                "road_id": 885,
                "rotation": [
                    0.012444604188203812,
                    -5.611727714538574,
                    99.03253936767578
                ],
                "same_direction_as_ego": true,
                "same_road_as_ego": true,
                "section_id": 0,
                "semantic_tags": [
                    14
                ],
                "speed": 0.0,
                "state": "dynamic",
                "steer": 0.0,
                "type_id": "vehicle.mercedes.coupe_2020",
                "vehicle_cuts_in": true,
                "world2vehicle": [
                    [
                        -0.15699535608291626,
                        0.9875993132591248,
                        0.0002171993110096082,
                        -3852.486572265625
                    ],
                    [
                        -0.9828628301620483,
                        -0.15626393258571625,
                        0.09778661280870438,
                        4555.59765625
                    ],
                    [
                        0.09660793095827103,
                        0.015138566493988037,
                        0.9952074289321899,
                        -817.0474853515625
                    ],
                    [
                        0.0,
                        0.0,
                        0.0,
                        1.0
                    ]
                ],
                "world_cord": [
                    [
                        3950.52099609375,
                        4531.14306640625,
                        370.01544189453125
                    ],
                    [
                        3950.3818359375,
                        4531.12109375,
                        368.5804138183594
                    ],
                    [
                        3952.3017578125,
                        4531.42626953125,
                        369.8382873535156
                    ],
                    [
                        3952.16259765625,
                        4531.404296875,
                        368.4032287597656
                    ],
                    [
                        3951.2548828125,
                        4526.52734375,
                        370.0144348144531
                    ],
                    [
                        3951.115478515625,
                        4526.50537109375,
                        368.57940673828125
                    ],
                    [
                        3953.03564453125,
                        4526.810546875,
                        369.8372497558594
                    ],
                    [
                        3952.896240234375,
                        4526.78857421875,
                        368.4022216796875
                    ]
                ],
                "yaw": 1.7284581264886776
            },
            {
                "affects_ego": false,
                "center": [
                    3972.818603515625,
                    4416.16259765625,
                    374.12115478515625
                ],
                "class": "traffic_light",
                "distance": 43.90889226015384,
                "extent": [
                    0.14601562917232513,
                    0.15898437798023224,
                    0.5240625143051147
                ],
                "id": "54591",
                "lane_id": -3,
                "location": [
                    3972.818603515625,
                    4416.16259765625,
                    374.12115478515625
                ],
                "position": [
                    -43.735010528258954,
                    -1.1142586392152225,
                    5.876756072352066
                ],
                "road_id": 12065,
                "rotation": [
                    0.0,
                    0.0,
                    -170.96661376953125
                ],
                "section_id": 0,
                "semantic_tags": [
                    6,
                    7
                ],
                "state": 0,
                "trigger_volume_extent": [
                    2.8282811641693115,
                    1.620156168937683,
                    0.9979687333106995
                ],
                "trigger_volume_location": [
                    3974.2724609375,
                    4411.06787109375,
                    368.2684631347656
                ],
                "trigger_volume_rotation": [
                    0.0,
                    0.0,
                    3.0517578125e-05
                ],
                "type_id": "traffic.traffic_light",
                "yaw": 1.7284581264886776
            },
            {
                "affects_ego": false,
                "center": [
                    3964.704833984375,
                    4428.4130859375,
                    374.129638671875
                ],
                "class": "traffic_light",
                "distance": 24.912011953034042,
                "extent": [
                    0.15937499701976776,
                    0.14554686844348907,
                    0.5240625143051147
                ],
                "id": "54165",
                "lane_id": -1,
                "location": [
                    3964.704833984375,
                    4428.4130859375,
                    374.129638671875
                ],
                "position": [
                    -30.36252475188121,
                    4.97543368010065,
                    5.869416005018536
                ],
                "road_id": 12063,
                "rotation": [
                    0.0,
                    0.0,
                    99.19161224365234
                ],
                "section_id": 0,
                "semantic_tags": [
                    6,
                    7
                ],
                "state": 2,
                "trigger_volume_extent": [
                    1.6126562356948853,
                    2.6464061737060547,
                    0.9964843392372131
                ],
                "trigger_volume_location": [
                    3959.515625,
                    4427.19189453125,
                    368.2885437011719
                ],
                "trigger_volume_rotation": [
                    0.0,
                    0.0,
                    0.0
                ],
                "type_id": "traffic.traffic_light",
                "yaw": 1.7284581264886776
            },
            {
                "affects_ego": false,
                "center": [
                    4002.443603515625,
                    4499.68310546875,
                    370.7204284667969
                ],
                "class": "traffic_sign",
                "distance": 55.266806367947595,
                "extent": [
                    0.4216393828392029,
                    0.024460453540086746,
                    0.8112266063690186
                ],
                "id": "55062",
                "lane_id": -2,
                "location": [
                    4002.443603515625,
                    4499.68310546875,
                    370.7204284667969
                ],
                "position": [
                    34.09414898109344,
                    -43.48541141421629,
                    2.3856298179314877
                ],
                "road_id": 499,
                "rotation": [
                    0.0,
                    0.0,
                    -151.912353515625
                ],
                "section_id": 0,
                "semantic_tags": [
                    6,
                    8
                ],
                "trigger_volume_extent": [
                    1.653749942779541,
                    0.4906249940395355,
                    1.235390543937683
                ],
                "trigger_volume_location": [
                    4008.030029296875,
                    4501.365234375,
                    368.5299987792969
                ],
                "trigger_volume_rotation": [
                    0.0,
                    0.0,
                    360.0
                ],
                "type_id": "traffic.speed_limit.90",
                "world2sign": [
                    [
                        -0.882228434085846,
                        -0.47082164883613586,
                        0.0,
                        5649.6181640625
                    ],
                    [
                        0.47082164883613586,
                        -0.882228434085846,
                        -0.0,
                        2085.34375
                    ],
                    [
                        0.0,
                        0.0,
                        1.0,
                        -368.5404357910156
                    ],
                    [
                        0.0,
                        0.0,
                        0.0,
                        1.0
                    ]
                ],
                "yaw": 1.7284581264886776
            }
        ],
        "brake": 0.0,
        "changed_route": false,
        "command": 4,
        "command_far": 4,
        "command_near": 4,
        "control_brake": false,
        "next_command": 4,
        "only_ap_brake": false,
        "reverse": false,
        "sensors": {
            "CAM_BACK": {
                "cam2ego": [
                    [
                        -1.0,
                        -1.2246467991473532e-16,
                        0.0,
                        -2.0
                    ],
                    [
                        1.2246467991473532e-16,
                        -1.0,
                        -0.0,
                        0.0
                    ],
                    [
                        0.0,
                        -0.0,
                        1.0,
                        1.6
                    ],
                    [
                        0.0,
                        0.0,
                        0.0,
                        1.0
                    ]
                ],
                "fov": 110.0,
                "image_size_x": 1600,
                "image_size_y": 900,
                "intrinsic": [
                    [
                        560.1660305677678,
                        0.0,
                        800.0
                    ],
                    [
                        0.0,
                        560.1660305677678,
                        450.0
                    ],
                    [
                        0.0,
                        0.0,
                        1.0
                    ]
                ],
                "location": [
                    3965.164306640625,
                    4457.2099609375,
                    369.8934020996094
                ],
                "rotation": [
                    -0.06722954660654068,
                    0.0012511961394920945,
                    -80.96661376953125
                ],
                "world2cam": [
                    [
                        0.15700985491275787,
                        -0.9875962734222412,
                        -0.0011733766878023744,
                        3779.7880859375
                    ],
                    [
                        0.9875969886779785,
                        0.1570100039243698,
                        -2.1837475287611596e-05,
                        -4615.802734375
                    ],
                    [
                        0.00020579848205670714,
                        -0.0011553945951163769,
                        0.9999992847442627,
                        -365.559326171875
                    ],
                    [
                        0.0,
                        0.0,
                        0.0,
                        1.0
                    ]
                ]
            },
            "CAM_BACK_LEFT": {
                "cam2ego": [
                    [
                        -0.3420201433256687,
                        0.9396926207859084,
                        0.0,
                        -0.32
                    ],
                    [
                        -0.9396926207859084,
                        -0.3420201433256687,
                        0.0,
                        -0.55
                    ],
                    [
                        0.0,
                        -0.0,
                        1.0,
                        1.6
                    ],
                    [
                        0.0,
                        0.0,
                        0.0,
                        1.0
                    ]
                ],
                "fov": 70.0,
                "image_size_x": 1600,
                "image_size_y": 900,
                "intrinsic": [
                    [
                        1142.5184053936916,
                        0.0,
                        800.0
                    ],
                    [
                        0.0,
                        1142.5184053936916,
                        450.0
                    ],
                    [
                        0.0,
                        0.0,
                        1.0
                    ]
                ],
                "location": [
                    3965.443603515625,
                    4458.95556640625,
                    369.8953552246094
                ],
                "rotation": [
                    -0.024165207520127296,
                    -0.06274718046188354,
                    -10.966641426086426
                ],
                "world2cam": [
                    [
                        0.9817380309104919,
                        -0.19023743271827698,
                        -0.0004217624373268336,
                        -3044.610595703125
                    ],
                    [
                        0.19023777544498444,
                        0.9817374348640442,
                        0.0010951445437967777,
                        -5132.3056640625
                    ],
                    [
                        0.0002057224919553846,
                        -0.0011553801596164703,
                        0.9999993443489075,
                        -365.5591125488281
                    ],
                    [
                        0.0,
                        0.0,
                        0.0,
                        1.0
                    ]
                ]
            },
            "CAM_BACK_RIGHT": {
                "cam2ego": [
                    [
                        -0.3420201433256687,
                        -0.9396926207859084,
                        0.0,
                        -0.32
                    ],
                    [
                        0.9396926207859084,
                        -0.3420201433256687,
                        -0.0,
                        0.55
                    ],
                    [
                        0.0,
                        -0.0,
                        1.0,
                        1.6
                    ],
                    [
                        0.0,
                        0.0,
                        0.0,
                        1.0
                    ]
                ],
                "fov": 70.0,
                "image_size_x": 1600,
                "image_size_y": 900,
                "intrinsic": [
                    [
                        1142.5184053936916,
                        0.0,
                        800.0
                    ],
                    [
                        0.0,
                        1142.5184053936916,
                        450.0
                    ],
                    [
                        0.0,
                        0.0,
                        1.0
                    ]
                ],
                "location": [
                    3964.357421875,
                    4458.78271484375,
                    369.8953857421875
                ],
                "rotation": [
                    -0.021815622225403786,
                    0.06360307335853577,
                    -150.9666748046875
                ],
                "world2cam": [
                    [
                        -0.8743374943733215,
                        -0.48531824350357056,
                        -0.00038075444172136486,
                        5630.255859375
                    ],
                    [
                        0.4853183329105377,
                        -0.874336838722229,
                        -0.0011100827250629663,
                        1974.913330078125
                    ],
                    [
                        0.00020583579316735268,
                        -0.0011553741060197353,
                        0.9999993443489075,
                        -365.5596008300781
                    ],
                    [
                        0.0,
                        0.0,
                        0.0,
                        1.0
                    ]
                ]
            },
            "CAM_FRONT": {
                "cam2ego": [
                    [
                        1.0,
                        0.0,
                        -0.0,
                        0.8
                    ],
                    [
                        0.0,
                        1.0,
                        0.0,
                        0.0
                    ],
                    [
                        0.0,
                        -0.0,
                        1.0,
                        1.6
                    ],
                    [
                        0.0,
                        0.0,
                        0.0,
                        1.0
                    ]
                ],
                "fov": 70.0,
                "image_size_x": 1600,
                "image_size_y": 900,
                "intrinsic": [
                    [
                        1142.5184053936916,
                        0.0,
                        800.0
                    ],
                    [
                        0.0,
                        1142.5184053936916,
                        450.0
                    ],
                    [
                        0.0,
                        0.0,
                        1.0
                    ]
                ],
                "location": [
                    3964.724609375,
                    4459.97509765625,
                    369.89666748046875
                ],
                "rotation": [
                    0.06722954660654068,
                    -0.0012512195389717817,
                    99.03335571289062
                ],
                "world2cam": [
                    [
                        -0.15700936317443848,
                        0.9875963926315308,
                        0.0011733766878023744,
                        -3782.59033203125
                    ],
                    [
                        -0.9875971078872681,
                        -0.15700951218605042,
                        2.1837884560227394e-05,
                        4615.80078125
                    ],
                    [
                        0.0002057983074337244,
                        -0.0011553945951163769,
                        0.9999992847442627,
                        -365.5592956542969
                    ],
                    [
                        0.0,
                        0.0,
                        0.0,
                        1.0
                    ]
                ]
            },
            "CAM_FRONT_LEFT": {
                "cam2ego": [
                    [
                        0.5735764363510462,
                        0.8191520442889918,
                        0.0,
                        0.27
                    ],
                    [
                        -0.8191520442889918,
                        0.5735764363510462,
                        0.0,
                        -0.55
                    ],
                    [
                        0.0,
                        -0.0,
                        1.0,
                        1.6
                    ],
                    [
                        0.0,
                        0.0,
                        0.0,
                        1.0
                    ]
                ],
                "fov": 70.0,
                "image_size_x": 1600,
                "image_size_y": 900,
                "intrinsic": [
                    [
                        1142.5184053936916,
                        0.0,
                        800.0
                    ],
                    [
                        0.0,
                        1142.5184053936916,
                        450.0
                    ],
                    [
                        0.0,
                        0.0,
                        1.0
                    ]
                ],
                "location": [
                    3965.35107421875,
                    4459.5380859375,
                    369.89605712890625
                ],
                "rotation": [
                    0.037531886249780655,
                    -0.05578889697790146,
                    44.0333137512207
                ],
                "world2cam": [
                    [
                        0.7189356088638306,
                        0.6950763463973999,
                        0.0006550549296662211,
                        -5950.7939453125
                    ],
                    [
                        -0.6950766444206238,
                        0.7189350128173828,
                        0.0009736994979903102,
                        -450.25543212890625
                    ],
                    [
                        0.00020585363381542265,
                        -0.001155340694822371,
                        0.9999992847442627,
                        -365.5597839355469
                    ],
                    [
                        0.0,
                        0.0,
                        0.0,
                        1.0
                    ]
                ]
            },
            "CAM_FRONT_RIGHT": {
                "cam2ego": [
                    [
                        0.5735764363510462,
                        -0.8191520442889918,
                        -0.0,
                        0.27
                    ],
                    [
                        0.8191520442889918,
                        0.5735764363510462,
                        0.0,
                        0.55
                    ],
                    [
                        0.0,
                        -0.0,
                        1.0,
                        1.6
                    ],
                    [
                        0.0,
                        0.0,
                        0.0,
                        1.0
                    ]
                ],
                "fov": 70.0,
                "image_size_x": 1600,
                "image_size_y": 900,
                "intrinsic": [
                    [
                        1142.5184053936916,
                        0.0,
                        800.0
                    ],
                    [
                        0.0,
                        1142.5184053936916,
                        450.0
                    ],
                    [
                        0.0,
                        0.0,
                        1.0
                    ]
                ],
                "location": [
                    3964.264892578125,
                    4459.36572265625,
                    369.89605712890625
                ],
                "rotation": [
                    0.03958777338266373,
                    0.05435355007648468,
                    154.0333709716797
                ],
                "world2cam": [
                    [
                        -0.8990489840507507,
                        0.43784740567207336,
                        0.0006909369258210063,
                        1611.291015625
                    ],
                    [
                        -0.43784791231155396,
                        -0.8990485072135925,
                        -0.0009486480266787112,
                        5745.2822265625
                    ],
                    [
                        0.00020582269644364715,
                        -0.0011554063530638814,
                        0.9999992847442627,
                        -365.559326171875
                    ],
                    [
                        0.0,
                        0.0,
                        0.0,
                        1.0
                    ]
                ]
            },
            "LIDAR_TOP": {
                "lidar2ego": [
                    [
                        1.0,
                        0.0,
                        -0.0,
                        -0.39
                    ],
                    [
                        0.0,
                        1.0,
                        0.0,
                        0.0
                    ],
                    [
                        0.0,
                        -0.0,
                        1.0,
                        1.84
                    ],
                    [
                        0.0,
                        0.0,
                        0.0,
                        1.0
                    ]
                ],
                "location": [
                    3964.911865234375,
                    4458.7998046875,
                    370.13525390625
                ],
                "rotation": [
                    0.06722954660654068,
                    -0.0012512195389717817,
                    99.03335571289062
                ],
                "world2lidar": [
                    [
                        -0.15700936317443848,
                        0.9875963926315308,
                        0.0011733766878023744,
                        -3781.400634765625
                    ],
                    [
                        -0.9875971078872681,
                        -0.15700951218605042,
                        2.1837884560227394e-05,
                        4615.80126953125
                    ],
                    [
                        0.0002057983074337244,
                        -0.0011553945951163769,
                        0.9999992847442627,
                        -365.7992858886719
                    ],
                    [
                        0.0,
                        0.0,
                        0.0,
                        1.0
                    ]
                ]
            },
            "RADAR_BACK_LEFT": {
                "location": [
                    3965.825927734375,
                    4457.31640625,
                    368.8033752441406
                ],
                "radar2ego": [
                    [
                        6.123233995736766e-17,
                        1.0,
                        0.0,
                        -2.0
                    ],
                    [
                        -1.0,
                        6.123233995736766e-17,
                        0.0,
                        -0.67
                    ],
                    [
                        0.0,
                        -0.0,
                        1.0,
                        0.51
                    ],
                    [
                        0.0,
                        0.0,
                        0.0,
                        1.0
                    ]
                ],
                "rotation": [
