[debug] current frame is 0
[debug] hazardous_actors = []
[debug] current frame is 5
[debug] hazardous_actors = []
[debug] current frame is 10
[debug] hazardous_actors = []
[debug] current frame is 15
[debug] hazardous_actors = []
[debug] current frame is 20
[debug] hazardous_actors = []
[debug] current frame is 25
[debug] hazardous_actors = []
[debug] current frame is 30
[debug] hazardous_actors = []
[debug] into second branch, scenario_name = CrossingBicycleFlow
[debug] current frame is 35
[debug] hazardous_actors = []
[debug] into second branch, scenario_name = CrossingBicycleFlow
[debug] current frame is 40
[debug] hazardous_actors = []
[debug] into second branch, scenario_name = CrossingBicycleFlow
[debug] current frame is 45
[debug] hazardous_actors = []
[debug] current frame is 50
[debug] hazardous_actors = []
[debug] into second branch, scenario_name = CrossingBicycleFlow
[debug] current frame is 55
[debug] hazardous_actors = []
[debug] into second branch, scenario_name = CrossingBicycleFlow
[debug] current frame is 60
[debug] hazardous_actors = []
[debug] into second branch, scenario_name = CrossingBicycleFlow
[debug] current frame is 65
[debug] hazardous_actors = []
[debug] into second branch, scenario_name = CrossingBicycleFlow
[debug] current frame is 70
[debug] hazardous_actors = []
[debug] into second branch, scenario_name = CrossingBicycleFlow
[debug] current frame is 75
[debug] hazardous_actors = []
[debug] into second branch, scenario_name = CrossingBicycleFlow
[debug] current frame is 80
[debug] hazardous_actors = []
[debug] current frame is 85
[debug] hazardous_actors = []
[debug] into second branch, scenario_name = CrossingBicycleFlow
[debug] current frame is 90
[debug] hazardous_actors = []
[debug] into second branch, scenario_name = CrossingBicycleFlow
[debug] current frame is 95
[debug] hazardous_actors = []
[debug] into second branch, scenario_name = CrossingBicycleFlow
[debug] current frame is 100
[debug] hazardous_actors = []
[debug] into second branch, scenario_name = CrossingBicycleFlow
[debug] current frame is 105
[debug] hazardous_actors = []
[debug] into second branch, scenario_name = CrossingBicycleFlow
[debug] current frame is 110
[debug] hazardous_actors = []
[debug] into second branch, scenario_name = CrossingBicycleFlow
[debug] current frame is 115
[debug] hazardous_actors = []
[debug] into second branch, scenario_name = CrossingBicycleFlow
[debug] current frame is 120
[debug] hazardous_actors = []
[debug] current frame is 125
[debug] hazardous_actors = []
[debug] current frame is 130
[debug] hazardous_actors = []
[debug] into second branch, scenario_name = CrossingBicycleFlow
[debug] current frame is 135
[debug] hazardous_actors = []
[debug] into second branch, scenario_name = CrossingBicycleFlow
[debug] current frame is 140
[debug] hazardous_actors = []
[debug] into second branch, scenario_name = CrossingBicycleFlow
[debug] current frame is 145
[debug] hazardous_actors = []
[debug] into second branch, scenario_name = CrossingBicycleFlow
[debug] current frame is 150
[debug] hazardous_actors = []
[debug] into second branch, scenario_name = CrossingBicycleFlow
[debug] current frame is 155
[debug] hazardous_actors = []
[debug] current frame is 160
[debug] hazardous_actors = []
[debug] current frame is 165
[debug] hazardous_actors = []
[debug] into second branch, scenario_name = CrossingBicycleFlow
[debug] current frame is 170
[debug] hazardous_actors = []
[debug] current frame is 175
[debug] hazardous_actors = []
[debug] current frame is 180
[debug] hazardous_actors = []
[debug] current frame is 185
[debug] hazardous_actors = []
[debug] into second branch, scenario_name = CrossingBicycleFlow
[debug] current frame is 190
[debug] hazardous_actors = []
[debug] into second branch, scenario_name = CrossingBicycleFlow
[debug] current frame is 195
[debug] hazardous_actors = []
[debug] into second branch, scenario_name = CrossingBicycleFlow
[debug] current frame is 200
[debug] hazardous_actors = []
[debug] into second branch, scenario_name = CrossingBicycleFlow
[debug] current frame is 205
[debug] hazardous_actors = []
[debug] into second branch, scenario_name = CrossingBicycleFlow
[debug] current frame is 210
[debug] hazardous_actors = []
[debug] current frame is 215
[debug] hazardous_actors = []
[debug] into second branch, scenario_name = CrossingBicycleFlow
[debug] current frame is 220
[debug] hazardous_actors = []
[debug] into second branch, scenario_name = CrossingBicycleFlow
[debug] current frame is 225
[debug] hazardous_actors = []
[debug] into second branch, scenario_name = CrossingBicycleFlow
[debug] current frame is 230
[debug] hazardous_actors = []
[debug] current frame is 235
[debug] hazardous_actors = []
[debug] into second branch, scenario_name = CrossingBicycleFlow
[debug] current frame is 240
[debug] hazardous_actors = []
[debug] into second branch, scenario_name = CrossingBicycleFlow
[debug] current frame is 245
[debug] hazardous_actors = []
[debug] into second branch, scenario_name = CrossingBicycleFlow
[debug] current frame is 250
[debug] hazardous_actors = []
[debug] current frame is 255
[debug] hazardous_actors = []
[debug] into second branch, scenario_name = CrossingBicycleFlow
[debug] current frame is 260
[debug] hazardous_actors = []
[debug] into second branch, scenario_name = CrossingBicycleFlow
[debug] current frame is 265
[debug] hazardous_actors = []
[debug] into second branch, scenario_name = CrossingBicycleFlow
[debug] current frame is 270
[debug] hazardous_actors = []
[debug] into second branch, scenario_name = CrossingBicycleFlow
[debug] current frame is 275
[debug] hazardous_actors = []
[debug] current frame is 280
[debug] hazardous_actors = []
[debug] current frame is 285
[debug] hazardous_actors = []
[debug] into second branch, scenario_name = CrossingBicycleFlow
[debug] current frame is 290
[debug] hazardous_actors = []
[debug] into second branch, scenario_name = CrossingBicycleFlow
[debug] current frame is 295
[debug] hazardous_actors = []
[debug] current frame is 300
[debug] hazardous_actors = []
[debug] current frame is 305
[debug] hazardous_actors = []
[debug] into second branch, scenario_name = CrossingBicycleFlow
[debug] current frame is 310
[debug] hazardous_actors = []
[debug] into second branch, scenario_name = CrossingBicycleFlow
[debug] current frame is 315
[debug] hazardous_actors = []
[debug] current frame is 320
[debug] hazardous_actors = []
[debug] current frame is 325
[debug] hazardous_actors = []
[debug] current frame is 330
[debug] hazardous_actors = []
[debug] current frame is 335
[debug] hazardous_actors = []
[debug] current frame is 340
[debug] hazardous_actors = []
[debug] current frame is 345
[debug] hazardous_actors = []
[debug] current frame is 350
[debug] hazardous_actors = []
[debug] in branch in front, vehicles_in_front = [{'class': 'vehicle', 'state': 'dynamic', 'id': '4438', 'location': [1736.0792236328125, 4998.2646484375, 368.0871276855469], 'rotation': [-0.9877614378929138, -0.0005187987117096782, -0.076416015625], 'bbx_loc': [-0.00037140605854801834, -1.2199510024402116e-07, 0.6926559209823608], 'center': [1736.0908203125, 4998.2646484375, 368.7796936035156], 'extent': [2.0906050205230713, 0.9970585703849792, 0.6926480531692505], 'world_cord': [[1738.1943359375, 4999.2587890625, 369.4361877441406], [1738.1705322265625, 4999.2587890625, 368.0511169433594], [1738.191650390625, 4997.2646484375, 369.4361877441406], [1738.1678466796875, 4997.2646484375, 368.05108642578125], [1734.0137939453125, 4999.2646484375, 369.5082702636719], [1733.9898681640625, 4999.2646484375, 368.1231994628906], [1734.0111083984375, 4997.2705078125, 369.5082702636719], [1733.9871826171875, 4997.2705078125, 368.1231689453125]], 'semantic_tags': [14], 'type_id': 'vehicle.audi.tt', 'color': '33,33,33', 'base_type': 'car', 'num_points': 76, 'distance': 19.649289213191235, 'speed': 0.0, 'brake': 1.0, 'light_state': '155', 'road_id': 301, 'lane_id': -2, 'section_id': 0, 'world2vehicle': [[0.9998505115509033, -0.0013335125986486673, -0.017238836735486984, -1722.80908203125], [0.0013338668504729867, 0.9999991059303284, 9.053400390257593e-06, -5000.57958984375], [0.017238810658454895, -3.2046358683146536e-05, 0.999851405620575, -397.8002014160156], [0.0, 0.0, 0.0, 1.0]], 'position': (19.641024623118938, -0.6540250606230984, -0.04431951538481371), 'yaw': 2.8633511755366037, 'color_rgb': None, 'color_name': None, 'lane_type': carla.libcarla.LaneType.Driving, 'lane_type_str': 'Driving', 'is_in_junction': False, 'junction_id': -1, 'distance_to_junction': 6.641683101654053, 'next_junction_id': 14280, 'next_road_ids': [14294], 'next_next_road_ids': [549], 'same_road_as_ego': False, 'same_direction_as_ego': False, 'lane_relative_to_ego': None, 'steer': 0.0, 'vehicle_cuts_in': False}]
[debug] into second branch, scenario_name = CrossingBicycleFlow
[debug] current frame is 355
[debug] hazardous_actors = []
[debug] in branch in front, vehicles_in_front = [{'class': 'vehicle', 'state': 'dynamic', 'id': '4456', 'location': [1745.7696533203125, 5000.37744140625, 367.9100646972656], 'rotation': [-1.4247773885726929, 0.4969108998775482, 0.24370793998241425], 'bbx_loc': [0.0, 7.629394360719743e-08, 0.8157447576522827], 'center': [1745.7899169921875, 5000.384765625, 368.72552490234375], 'extent': [0.8281218409538269, 0.2912190854549408, 0.8098834753036499], 'world_cord': [[1746.6365966796875, 5000.6865234375, 369.51202392578125], [1746.5963134765625, 5000.67236328125, 367.892822265625], [1746.63916015625, 5000.10400390625, 369.5170593261719], [1746.5989990234375, 5000.08984375, 367.8978576660156], [1744.9808349609375, 5000.67919921875, 369.5531921386719], [1744.940673828125, 5000.6650390625, 367.9339904785156], [1744.9833984375, 5000.09716796875, 369.5582580566406], [1744.9432373046875, 5000.0830078125, 367.93902587890625]], 'semantic_tags': [19, 4], 'type_id': 'vehicle.diamondback.century', 'color': '214,0,0', 'base_type': 'bicycle', 'num_points': 93, 'distance': 8.407579161811237, 'speed': 3.4531916317035978, 'brake': 0.0, 'light_state': 'NONE', 'road_id': 14294, 'lane_id': -1, 'section_id': 0, 'world2vehicle': [[0.9996817708015442, 0.0042521776631474495, -0.024864492937922478, -1757.32861328125], [-0.004468970932066441, 0.9999524354934692, -0.008669940754771233, -4989.14794921875], [0.024826442822813988, 0.008778301067650318, 0.9996532201766968, -455.0185546875], [0.0, 0.0, 0.0, 1.0]], 'position': (8.403812689454298, 0.2607303743279772, -0.020742641086712865), 'yaw': 2.354214429921871, 'color_rgb': None, 'color_name': None, 'lane_type': carla.libcarla.LaneType.Biking, 'lane_type_str': 'Biking', 'is_in_junction': True, 'junction_id': 14280, 'distance_to_junction': 0.0, 'next_junction_id': -1, 'next_road_ids': [302], 'next_next_road_ids': [11559], 'same_road_as_ego': False, 'same_direction_as_ego': False, 'lane_relative_to_ego': None, 'steer': -0.055714753426587854, 'vehicle_cuts_in': False}]
[debug] into second branch, scenario_name = CrossingBicycleFlow
[debug] current frame is 360
[debug] hazardous_actors = []
[debug] in branch in front, vehicles_in_front = [{'class': 'vehicle', 'state': 'dynamic', 'id': '4456', 'location': [1747.51708984375, 5000.3759765625, 367.8775634765625], 'rotation': [-0.8536301851272583, -0.3031005263328552, -0.3142089545726776], 'bbx_loc': [0.0, 7.629394360719743e-08, 0.8157447576522827], 'center': [1747.5291748046875, 5000.37158203125, 368.6932067871094], 'extent': [0.8281218409538269, 0.2912190854549408, 0.8098834753036499], 'world_cord': [[1748.370849609375, 5000.65380859375, 369.4921875], [1748.3468017578125, 5000.66259765625, 367.87261962890625], [1748.36767578125, 5000.0712890625, 369.4891052246094], [1748.3436279296875, 5000.080078125, 367.8695373535156], [1746.71484375, 5000.6630859375, 369.5168762207031], [1746.6907958984375, 5000.671875, 367.8973083496094], [1746.711669921875, 5000.08056640625, 369.5137939453125], [1746.6875, 5000.08935546875, 367.89422607421875]], 'semantic_tags': [19, 4], 'type_id': 'vehicle.diamondback.century', 'color': '214,0,0', 'base_type': 'bicycle', 'num_points': 316, 'distance': 3.807004205633901, 'speed': 3.479530703867144, 'brake': 0.0, 'light_state': 'NONE', 'road_id': 14314, 'lane_id': -1, 'section_id': 0, 'world2vehicle': [[0.9998739957809448, -0.005483344662934542, -0.014898105524480343, -1714.3973388671875], [0.0055626872926950455, 0.999970555305481, 0.005289490334689617, -5011.89501953125], [0.014868662692606449, -0.005371697247028351, 0.999875009059906, -366.9543151855469], [0.0, 0.0, 0.0, 1.0]], 'position': (3.627275642732002, 1.1548365807011578, 0.04173001576054958), 'yaw': 1.986746269548612, 'color_rgb': None, 'color_name': None, 'lane_type': carla.libcarla.LaneType.Biking, 'lane_type_str': 'Biking', 'is_in_junction': True, 'junction_id': 14280, 'distance_to_junction': 0.0, 'next_junction_id': -1, 'next_road_ids': [302], 'next_next_road_ids': [11559], 'same_road_as_ego': False, 'same_direction_as_ego': False, 'lane_relative_to_ego': None, 'steer': 2.28018398400283, 'vehicle_cuts_in': False}]
[debug] into second branch, scenario_name = CrossingBicycleFlow
[debug] current frame is 365
[debug] hazardous_actors = []
[debug] in branch in front, vehicles_in_front = [{'class': 'vehicle', 'state': 'dynamic', 'id': '4456', 'location': [1748.9398193359375, 5000.38134765625, 368.39959716796875], 'rotation': [33.6729621887207, 65.72814178466797, 19.484886169433594], 'bbx_loc': [0.0, 7.629394360719743e-08, 0.8157447576522827], 'center': [1748.5164794921875, 5001.0205078125, 368.67864990234375], 'extent': [0.8281218409538269, 0.2912190854549408, 0.8098834753036499], 'world_cord': [[1748.8447265625, 5002.046875, 369.1939392089844], [1749.685302734375, 5000.77783203125, 368.63983154296875], [1748.6470947265625, 5001.72265625, 369.63580322265625], [1749.4876708984375, 5000.4541015625, 369.0816955566406], [1747.5452880859375, 5001.5869140625, 368.275634765625], [1748.3858642578125, 5000.31787109375, 367.7215270996094], [1747.34765625, 5001.26318359375, 368.7174987792969], [1748.188232421875, 4999.994140625, 368.16339111328125]], 'semantic_tags': [19, 4], 'type_id': 'vehicle.diamondback.century', 'color': '214,0,0', 'base_type': 'bicycle', 'num_points': 95, 'distance': 2.2057544897458135, 'speed': 1.336010780547376, 'brake': 0.0, 'light_state': 'NONE', 'road_id': 14335, 'lane_id': 1, 'section_id': 0, 'world2vehicle': [[0.7845544815063477, 0.27759239077568054, 0.5544517636299133, -2964.46630859375], [0.3393796682357788, 0.5561187267303467, -0.75865238904953, -3094.873046875], [-0.5189371109008789, 0.7833737730979919, 0.342096209526062, -3135.60595703125], [0.0, 0.0, 0.0, 1.0]], 'position': (2.196127240417809, 0.16232277716244425, 0.5470040186215499), 'yaw': 1.887677342787937, 'color_rgb': None, 'color_name': None, 'lane_type': carla.libcarla.LaneType.Biking, 'lane_type_str': 'Biking', 'is_in_junction': True, 'junction_id': 14280, 'distance_to_junction': 0.0, 'next_junction_id': -1, 'next_road_ids': [302], 'next_next_road_ids': [11559], 'same_road_as_ego': False, 'same_direction_as_ego': False, 'lane_relative_to_ego': None, 'steer': -13.277946811049228, 'vehicle_cuts_in': False}]
[debug] into second branch, scenario_name = CrossingBicycleFlow
[debug] current frame is 370
[debug] hazardous_actors = []
[debug] in branch in front, vehicles_in_front = [{'class': 'vehicle', 'state': 'dynamic', 'id': '4456', 'location': [1749.40234375, 5000.37109375, 368.61578369140625], 'rotation': [8.476380348205566, 17.66969108581543, -19.364383697509766], 'bbx_loc': [0.0, 7.629394360719743e-08, 0.8157447576522827], 'center': [1749.3763427734375, 5000.642578125, 369.3845520019531], 'extent': [0.8281218409538269, 0.2912190854549408, 0.8098834753036499], 'world_cord': [[1750.2275390625, 5000.89794921875, 370.18243408203125], [1750.2791748046875, 5000.35888671875, 368.65594482421875], [1750.01904296875, 5000.38330078125, 370.3572998046875], [1750.070556640625, 4999.84423828125, 368.830810546875], [1748.68212890625, 5001.44140625, 369.93829345703125], [1748.7337646484375, 5000.90185546875, 368.41180419921875], [1748.4735107421875, 5000.92626953125, 370.1131591796875], [1748.525146484375, 5000.38720703125, 368.586669921875]], 'semantic_tags': [19, 4], 'type_id': 'vehicle.diamondback.century', 'color': '214,0,0', 'base_type': 'bicycle', 'num_points': 855, 'distance': 2.0613356251279265, 'speed': 2.87109336810787, 'brake': 0.0, 'light_state': 'NONE', 'road_id': 14335, 'lane_id': 1, 'section_id': 0, 'world2vehicle': [[0.9331235885620117, -0.32795286178588867, 0.14740167558193207, -46.8571662902832], [0.3581414222717285, 0.8840851783752441, -0.3002135157585144, -4936.62353515625], [-0.03185974806547165, 0.3329269587993622, 0.9424142837524414, -1956.41162109375], [0.0, 0.0, 0.0, 1.0]], 'position': (2.0441098666133257, -0.2672870989676994, 0.7560671789087792), 'yaw': 1.8876520427575811, 'color_rgb': None, 'color_name': None, 'lane_type': carla.libcarla.LaneType.Biking, 'lane_type_str': 'Biking', 'is_in_junction': True, 'junction_id': 14280, 'distance_to_junction': 0.0, 'next_junction_id': -1, 'next_road_ids': [302], 'next_next_road_ids': [11559], 'same_road_as_ego': False, 'same_direction_as_ego': False, 'lane_relative_to_ego': None, 'steer': -0.6008952068602881, 'vehicle_cuts_in': False}]
[debug] into second branch, scenario_name = CrossingBicycleFlow
[debug] current frame is 375
[debug] hazardous_actors = []
[debug] into second branch, scenario_name = CrossingBicycleFlow
[debug] current frame is 380
[debug] hazardous_actors = []
[debug] current frame is 385
[debug] hazardous_actors = []
[debug] into second branch, scenario_name = CrossingBicycleFlow
[debug] current frame is 390
[debug] hazardous_actors = []
[debug] into second branch, scenario_name = CrossingBicycleFlow
[debug] current frame is 395
[debug] hazardous_actors = []
[debug] current frame is 400
[debug] hazardous_actors = []
[debug] into second branch, scenario_name = CrossingBicycleFlow
[debug] current frame is 405
[debug] hazardous_actors = []
[debug] current frame is 410
[debug] hazardous_actors = []
[debug] current frame is 415
[debug] hazardous_actors = []
[debug] current frame is 420
[debug] hazardous_actors = []
[debug] current frame is 425
[debug] hazardous_actors = []
[debug] current frame is 430
[debug] hazardous_actors = []
[debug] current frame is 435
[debug] hazardous_actors = []
[debug] current frame is 440
[debug] hazardous_actors = []
[debug] in branch in front, vehicles_in_front = [{'class': 'vehicle', 'state': 'dynamic', 'id': '4427', 'location': [1748.133056640625, 5042.67236328125, 368.0504150390625], 'rotation': [0.25464311242103577, 0.0022253163624554873, 90.23311614990234], 'bbx_loc': [0.03214167430996895, 2.9914377591921948e-05, 0.6504616141319275], 'center': [1748.1329345703125, 5042.70166015625, 368.7010192871094], 'extent': [2.358762502670288, 0.947413444519043, 0.650469958782196], 'world_cord': [[1747.1759033203125, 5045.0537109375, 369.3619079589844], [1747.1759033203125, 5045.0595703125, 368.0610046386719], [1749.0706787109375, 5045.0615234375, 369.36199951171875], [1749.0706787109375, 5045.06689453125, 368.0610656738281], [1747.195068359375, 5040.3359375, 369.3409423828125], [1747.195068359375, 5040.341796875, 368.0400390625], [1749.08984375, 5040.34375, 369.3410339355469], [1749.08984375, 5040.349609375, 368.04010009765625]], 'semantic_tags': [14], 'type_id': 'vehicle.ford.mustang', 'color': '85,0,0', 'base_type': 'car', 'num_points': 15, 'distance': 31.297166286870816, 'speed': 1.563224314935149, 'brake': 0.0, 'light_state': '131', 'road_id': 549, 'lane_id': -1, 'section_id': 0, 'world2vehicle': [[-0.004068605601787567, 0.9999818205833435, 0.00444434629753232, -5037.10400390625], [-0.9999917149543762, -0.004068472888320684, -3.883871249854565e-05, 1768.6488037109375], [-2.0756308003910817e-05, -0.00444446736946702, 0.9999901056289673, -345.5985107421875], [0.0, 0.0, 0.0, 1.0]], 'position': (31.293677112196747, 0.4047501111265319, -0.22627760549448794), 'yaw': 1.5474479940440085, 'color_rgb': None, 'color_name': None, 'lane_type': carla.libcarla.LaneType.Driving, 'lane_type_str': 'Driving', 'is_in_junction': False, 'junction_id': -1, 'distance_to_junction': 178.22169494628906, 'next_junction_id': 9099, 'next_road_ids': [9104], 'next_next_road_ids': [1035], 'same_road_as_ego': True, 'same_direction_as_ego': True, 'lane_relative_to_ego': 0, 'steer': -0.02235930501562049, 'vehicle_cuts_in': False}]
[debug] into second branch, scenario_name = CrossingBicycleFlow
[debug] current frame is 445
[debug] hazardous_actors = []
[debug] in branch in front, vehicles_in_front = [{'class': 'vehicle', 'state': 'dynamic', 'id': '4427', 'location': [1748.1322021484375, 5043.53564453125, 368.0544738769531], 'rotation': [0.1962791383266449, 0.001718929735943675, 90.12252044677734], 'bbx_loc': [0.03214167430996895, 2.9914377591921948e-05, 0.6504616141319275], 'center': [1748.132080078125, 5043.5654296875, 368.7050476074219], 'extent': [2.358762502670288, 0.947413444519043, 0.650469958782196], 'world_cord': [[1747.1795654296875, 5045.919921875, 369.3635559082031], [1747.1796875, 5045.92431640625, 368.0626220703125], [1749.074462890625, 5045.92431640625, 369.3636169433594], [1749.074462890625, 5045.9287109375, 368.06268310546875], [1747.189697265625, 5041.20263671875, 369.347412109375], [1747.189697265625, 5041.20703125, 368.0464782714844], [1749.08447265625, 5041.20654296875, 369.3474426269531], [1749.0845947265625, 5041.2109375, 368.0465087890625]], 'semantic_tags': [14], 'type_id': 'vehicle.ford.mustang', 'color': '85,0,0', 'base_type': 'car', 'num_points': 20, 'distance': 27.388194366658073, 'speed': 0.006959787009097614, 'brake': 0.0, 'light_state': '131', 'road_id': 549, 'lane_id': -1, 'section_id': 0, 'world2vehicle': [[-0.002138405805453658, 0.9999918937683105, 0.003425710368901491, -5041.01708984375], [-0.9999977350234985, -0.002138315699994564, -3.0000808692420833e-05, 1758.9239501953125], [-2.2675314539810643e-05, -0.003425766946747899, 0.999994158744812, -350.7347106933594], [0.0, 0.0, 0.0, 1.0]], 'position': (27.367651143690637, 1.0670656899424102, -0.03510672702498141), 'yaw': 1.5309293379086284, 'color_rgb': None, 'color_name': None, 'lane_type': carla.libcarla.LaneType.Driving, 'lane_type_str': 'Driving', 'is_in_junction': False, 'junction_id': -1, 'distance_to_junction': 177.1975860595703, 'next_junction_id': 9099, 'next_road_ids': [9104], 'next_next_road_ids': [1035], 'same_road_as_ego': True, 'same_direction_as_ego': True, 'lane_relative_to_ego': 0, 'steer': -0.003408829394748997, 'vehicle_cuts_in': False}]
[debug] into second branch, scenario_name = CrossingBicycleFlow
[debug] current frame is 450
[debug] hazardous_actors = []
[debug] in branch in front, vehicles_in_front = [{'class': 'vehicle', 'state': 'dynamic', 'id': '4427', 'location': [1748.1322021484375, 5043.95361328125, 368.0557861328125], 'rotation': [0.25631648302078247, 0.002166058635339141, 90.1143569946289], 'bbx_loc': [0.03214167430996895, 2.9914377591921948e-05, 0.6504616141319275], 'center': [1748.132080078125, 5043.98291015625, 368.7063903808594], 'extent': [2.358762502670288, 0.947413444519043, 0.650469958782196], 'world_cord': [[1747.179931640625, 5046.3369140625, 369.36737060546875], [1747.179931640625, 5046.3427734375, 368.0664367675781], [1749.0748291015625, 5046.34033203125, 369.367431640625], [1749.0748291015625, 5046.34619140625, 368.0664978027344], [1747.1893310546875, 5041.619140625, 369.34625244140625], [1747.189453125, 5041.625, 368.0453186035156], [1749.084228515625, 5041.623046875, 369.3463439941406], [1749.084228515625, 5041.62890625, 368.04541015625]], 'semantic_tags': [14], 'type_id': 'vehicle.ford.mustang', 'color': '85,0,0', 'base_type': 'car', 'num_points': 37, 'distance': 22.999023729056837, 'speed': 1.564640283970803, 'brake': 0.0, 'light_state': '131', 'road_id': 549, 'lane_id': -1, 'section_id': 0, 'world2vehicle': [[-0.0019958242774009705, 0.9999880194664001, 0.004473551642149687, -5042.05078125], [-0.9999980330467224, -0.001995675265789032, -3.780447514145635e-05, 1758.208740234375], [-2.8876267606392503e-05, -0.004473618231713772, 0.9999899864196777, -345.4368896484375], [0.0, 0.0, 0.0, 1.0]], 'position': (22.997949023138972, -0.28163634500560875, -0.010203484432963705), 'yaw': 1.5831933416692154, 'color_rgb': None, 'color_name': None, 'lane_type': carla.libcarla.LaneType.Driving, 'lane_type_str': 'Driving', 'is_in_junction': False, 'junction_id': -1, 'distance_to_junction': 177.27040100097656, 'next_junction_id': 9099, 'next_road_ids': [9104], 'next_next_road_ids': [1035], 'same_road_as_ego': True, 'same_direction_as_ego': True, 'lane_relative_to_ego': 0, 'steer': -0.01462268861156592, 'vehicle_cuts_in': False}]
[debug] into second branch, scenario_name = CrossingBicycleFlow
[debug] current frame is 455
[debug] hazardous_actors = []
[debug] in branch in front, vehicles_in_front = [{'class': 'vehicle', 'state': 'dynamic', 'id': '4427', 'location': [1748.1324462890625, 5045.15380859375, 368.06072998046875], 'rotation': [0.2583177387714386, 0.0022043325006961823, 90.01380157470703], 'bbx_loc': [0.03214167430996895, 2.9914377591921948e-05, 0.6504616141319275], 'center': [1748.13232421875, 5045.18310546875, 368.7113342285156], 'extent': [2.358762502670288, 0.947413444519043, 0.650469958782196], 'world_cord': [[1747.184326171875, 5047.53857421875, 369.3724060058594], [1747.1844482421875, 5047.54443359375, 368.07147216796875], [1749.0792236328125, 5047.5390625, 369.3724670410156], [1749.0792236328125, 5047.544921875, 368.071533203125], [1747.185546875, 5042.8212890625, 369.35113525390625], [1747.185546875, 5042.8271484375, 368.0502014160156], [1749.080322265625, 5042.82177734375, 369.3511962890625], [1749.0804443359375, 5042.82763671875, 368.0502624511719]], 'semantic_tags': [14], 'type_id': 'vehicle.ford.mustang', 'color': '85,0,0', 'base_type': 'car', 'num_points': 44, 'distance': 19.452236685329343, 'speed': 3.1270619383019813, 'brake': 0.0, 'light_state': '131', 'road_id': 549, 'lane_id': -1, 'section_id': 0, 'world2vehicle': [[-0.00024084401957225055, 0.9999898076057434, 0.004508479498326778, -5046.3408203125], [-1.0, -0.000240673020016402, -3.84724662580993e-05, 1749.36083984375], [-3.7387006159406155e-05, -0.004508488811552525, 0.9999898076057434, -345.24560546875], [0.0, 0.0, 0.0, 1.0]], 'position': (19.449536645805892, -0.31739305600945045, 0.0995948755974112), 'yaw': 1.5841066727650581, 'color_rgb': None, 'color_name': None, 'lane_type': carla.libcarla.LaneType.Driving, 'lane_type_str': 'Driving', 'is_in_junction': False, 'junction_id': -1, 'distance_to_junction': 176.30392456054688, 'next_junction_id': 9099, 'next_road_ids': [9104], 'next_next_road_ids': [1035], 'same_road_as_ego': True, 'same_direction_as_ego': True, 'lane_relative_to_ego': 0, 'steer': -0.00855660012075744, 'vehicle_cuts_in': False}]
[debug] into second branch, scenario_name = CrossingBicycleFlow
[debug] current frame is 460
[debug] hazardous_actors = []
[debug] in branch in front, vehicles_in_front = [{'class': 'vehicle', 'state': 'dynamic', 'id': '4427', 'location': [1748.13623046875, 5047.09375, 368.0689392089844], 'rotation': [0.257361501455307, 0.002728861290961504, 89.91869354248047], 'bbx_loc': [0.03214167430996895, 2.9914377591921948e-05, 0.6504616141319275], 'center': [1748.13623046875, 5047.123046875, 368.71954345703125], 'extent': [2.358762502670288, 0.947413444519043, 0.650469958782196], 'world_cord': [[1747.192138671875, 5049.47998046875, 369.38055419921875], [1747.192138671875, 5049.48583984375, 368.0796203613281], [1749.0869140625, 5049.4775390625, 369.3806457519531], [1749.0870361328125, 5049.4833984375, 368.0797119140625], [1747.1854248046875, 5044.7626953125, 369.359375], [1747.185546875, 5044.7685546875, 368.0584411621094], [1749.0802001953125, 5044.759765625, 369.3594665527344], [1749.080322265625, 5044.765625, 368.05853271484375]], 'semantic_tags': [14], 'type_id': 'vehicle.ford.mustang', 'color': '85,0,0', 'base_type': 'car', 'num_points': 68, 'distance': 17.031316879998577, 'speed': 4.596154399505866, 'brake': 0.0, 'light_state': '131', 'road_id': 549, 'lane_id': -1, 'section_id': 0, 'world2vehicle': [[0.001419008825905621, 0.9999889135360718, 0.004491790663450956, -5051.17138671875], [-0.9999989867210388, 0.0014192371163517237, -4.76271343359258e-05, 1740.989013671875], [-5.4001520766178146e-05, -0.004491718485951424, 0.999989926815033, -345.30072021484375], [0.0, 0.0, 0.0, 1.0]], 'position': (17.024852766705408, 0.47419766311668354, -0.019373534830947392), 'yaw': 1.5401559926632624, 'color_rgb': None, 'color_name': None, 'lane_type': carla.libcarla.LaneType.Driving, 'lane_type_str': 'Driving', 'is_in_junction': False, 'junction_id': -1, 'distance_to_junction': 174.29400634765625, 'next_junction_id': 9099, 'next_road_ids': [9104], 'next_next_road_ids': [1035], 'same_road_as_ego': True, 'same_direction_as_ego': True, 'lane_relative_to_ego': 0, 'steer': -0.007796584671265338, 'vehicle_cuts_in': False}]
[debug] into second branch, scenario_name = CrossingBicycleFlow
[debug] current frame is 465
[debug] hazardous_actors = []
[debug] in branch in front, vehicles_in_front = [{'class': 'vehicle', 'state': 'dynamic', 'id': '4427', 'location': [1748.1463623046875, 5049.72216796875, 368.0802307128906], 'rotation': [0.2639731466770172, 0.0015161578776314855, 89.80127716064453], 'bbx_loc': [0.03214167430996895, 2.9914377591921948e-05, 0.6504616141319275], 'center': [1748.1463623046875, 5049.75146484375, 368.7308349609375], 'extent': [2.358762502670288, 0.947413444519043, 0.650469958782196], 'world_cord': [[1747.2071533203125, 5052.1103515625, 369.39215087890625], [1747.207275390625, 5052.1162109375, 368.0912170410156], [1749.1019287109375, 5052.103515625, 369.3921813964844], [1749.10205078125, 5052.10986328125, 368.09124755859375], [1747.1907958984375, 5047.39306640625, 369.3703918457031], [1747.1907958984375, 5047.39892578125, 368.0694885253906], [1749.0855712890625, 5047.38623046875, 369.3704528808594], [1749.085693359375, 5047.39208984375, 368.06951904296875]], 'semantic_tags': [14], 'type_id': 'vehicle.ford.mustang', 'color': '85,0,0', 'base_type': 'car', 'num_points': 75, 'distance': 15.478822916151488, 'speed': 6.011738657957451, 'brake': 0.0, 'light_state': '131', 'road_id': 549, 'lane_id': -1, 'section_id': 0, 'world2vehicle': [[0.0034683067351579666, 0.9999833703041077, 0.004607184324413538, -5057.39697265625], [-0.9999939799308777, 0.0034684655256569386, -2.6461666493560188e-05, 1730.630859375], [-4.2441082769073546e-05, -0.0046070646494627, 0.99998939037323, -344.73773193359375], [0.0, 0.0, 0.0, 1.0]], 'position': (15.462479816779705, 0.7136830690640181, 0.014902401234053286), 'yaw': 1.5309722148021787, 'color_rgb': None, 'color_name': None, 'lane_type': carla.libcarla.LaneType.Driving, 'lane_type_str': 'Driving', 'is_in_junction': False, 'junction_id': -1, 'distance_to_junction': 171.23085021972656, 'next_junction_id': 9099, 'next_road_ids': [9104], 'next_next_road_ids': [1035], 'same_road_as_ego': True, 'same_direction_as_ego': True, 'lane_relative_to_ego': 0, 'steer': 0.0, 'vehicle_cuts_in': False}]
[debug] into second branch, scenario_name = CrossingBicycleFlow
[debug] current frame is 0
[debug] hazardous_actors = []
[debug] current frame is 5
[debug] hazardous_actors = []
[debug] current frame is 10
[debug] hazardous_actors = []
[debug] current frame is 15
[debug] hazardous_actors = []
[debug] current frame is 20
[debug] hazardous_actors = []
[debug] current frame is 25
[debug] hazardous_actors = []
[debug] current frame is 30
[debug] hazardous_actors = []
[debug] into second branch, scenario_name = CrossingBicycleFlow
[debug] current frame is 35
[debug] hazardous_actors = []
[debug] into second branch, scenario_name = CrossingBicycleFlow
[debug] current frame is 40
[debug] hazardous_actors = []
[debug] into second branch, scenario_name = CrossingBicycleFlow
[debug] current frame is 45
[debug] hazardous_actors = []
[debug] current frame is 50
[debug] hazardous_actors = []
[debug] into second branch, scenario_name = CrossingBicycleFlow
[debug] current frame is 55
[debug] hazardous_actors = []
[debug] current frame is 60
[debug] hazardous_actors = []
[debug] into second branch, scenario_name = CrossingBicycleFlow
[debug] current frame is 65
[debug] hazardous_actors = []
[debug] into second branch, scenario_name = CrossingBicycleFlow
[debug] current frame is 70
[debug] hazardous_actors = []
[debug] into second branch, scenario_name = CrossingBicycleFlow
[debug] current frame is 75
[debug] hazardous_actors = []
[debug] current frame is 80
[debug] hazardous_actors = []
[debug] into second branch, scenario_name = CrossingBicycleFlow
[debug] current frame is 85
[debug] hazardous_actors = []
[debug] into second branch, scenario_name = CrossingBicycleFlow
[debug] current frame is 90
[debug] hazardous_actors = []
[debug] into second branch, scenario_name = CrossingBicycleFlow
[debug] current frame is 95
[debug] hazardous_actors = []
[debug] into second branch, scenario_name = CrossingBicycleFlow
[debug] current frame is 100
[debug] hazardous_actors = []
[debug] into second branch, scenario_name = CrossingBicycleFlow
[debug] current frame is 105
[debug] hazardous_actors = []
[debug] into second branch, scenario_name = CrossingBicycleFlow
[debug] current frame is 110
[debug] hazardous_actors = []
[debug] into second branch, scenario_name = CrossingBicycleFlow
[debug] current frame is 115
[debug] hazardous_actors = []
[debug] into second branch, scenario_name = CrossingBicycleFlow
[debug] current frame is 120
[debug] hazardous_actors = []
[debug] current frame is 125
[debug] hazardous_actors = []
[debug] current frame is 130
[debug] hazardous_actors = []
[debug] current frame is 135
[debug] hazardous_actors = []
[debug] into second branch, scenario_name = CrossingBicycleFlow
[debug] current frame is 140
[debug] hazardous_actors = []
[debug] into second branch, scenario_name = CrossingBicycleFlow
[debug] current frame is 145
[debug] hazardous_actors = []
[debug] into second branch, scenario_name = CrossingBicycleFlow
[debug] current frame is 150
[debug] hazardous_actors = []
[debug] current frame is 155
[debug] hazardous_actors = []
[debug] current frame is 160
[debug] hazardous_actors = []
[debug] into second branch, scenario_name = CrossingBicycleFlow
[debug] current frame is 165
[debug] hazardous_actors = []
[debug] into second branch, scenario_name = CrossingBicycleFlow
[debug] current frame is 170
[debug] hazardous_actors = []
[debug] into second branch, scenario_name = CrossingBicycleFlow
[debug] current frame is 175
[debug] hazardous_actors = []
[debug] current frame is 180
[debug] hazardous_actors = []
[debug] current frame is 185
[debug] hazardous_actors = []
[debug] into second branch, scenario_name = CrossingBicycleFlow
[debug] current frame is 190
[debug] hazardous_actors = []
[debug] into second branch, scenario_name = CrossingBicycleFlow
[debug] current frame is 195
[debug] hazardous_actors = []
[debug] into second branch, scenario_name = CrossingBicycleFlow
[debug] current frame is 200
[debug] hazardous_actors = []
[debug] current frame is 205
[debug] hazardous_actors = []
[debug] current frame is 210
[debug] hazardous_actors = []
[debug] into second branch, scenario_name = CrossingBicycleFlow
[debug] current frame is 215
[debug] hazardous_actors = []
[debug] into second branch, scenario_name = CrossingBicycleFlow
[debug] current frame is 220
[debug] hazardous_actors = []
[debug] into second branch, scenario_name = CrossingBicycleFlow
[debug] current frame is 225
[debug] hazardous_actors = []
[debug] current frame is 230
[debug] hazardous_actors = []
[debug] current frame is 235
[debug] hazardous_actors = []
[debug] current frame is 240
[debug] hazardous_actors = []
[debug] into second branch, scenario_name = CrossingBicycleFlow
[debug] current frame is 245
[debug] hazardous_actors = []
[debug] into second branch, scenario_name = CrossingBicycleFlow
[debug] current frame is 250
[debug] hazardous_actors = []
[debug] into second branch, scenario_name = CrossingBicycleFlow
[debug] current frame is 255
[debug] hazardous_actors = []
[debug] current frame is 260
[debug] hazardous_actors = []
[debug] current frame is 265
[debug] hazardous_actors = []
[debug] into second branch, scenario_name = CrossingBicycleFlow
[debug] current frame is 270
[debug] hazardous_actors = []
[debug] into second branch, scenario_name = CrossingBicycleFlow
[debug] current frame is 275
[debug] hazardous_actors = []
[debug] into second branch, scenario_name = CrossingBicycleFlow
[debug] current frame is 280
[debug] hazardous_actors = []
[debug] current frame is 285
[debug] hazardous_actors = []
[debug] current frame is 290
[debug] hazardous_actors = []
[debug] into second branch, scenario_name = CrossingBicycleFlow
[debug] current frame is 295
[debug] hazardous_actors = []
[debug] into second branch, scenario_name = CrossingBicycleFlow
[debug] current frame is 300
[debug] hazardous_actors = []
[debug] current frame is 305
[debug] hazardous_actors = []
[debug] current frame is 310
[debug] hazardous_actors = []
[debug] current frame is 315
[debug] hazardous_actors = []
[debug] current frame is 320
[debug] hazardous_actors = []
[debug] current frame is 325
[debug] hazardous_actors = []
[debug] current frame is 330
[debug] hazardous_actors = []
[debug] current frame is 335
[debug] hazardous_actors = []
[debug] in branch in front, vehicles_in_front = [{'class': 'vehicle', 'state': 'dynamic', 'id': '12148', 'location': [1347.1123046875, 4999.2294921875, 370.8555908203125], 'rotation': [-0.16531789302825928, 0.0003457262646406889, -0.268157958984375], 'bbx_loc': [-0.00038024497916921973, -1.0565315733401803e-07, 0.6926578283309937], 'center': [1347.1138916015625, 4999.2294921875, 371.5482482910156], 'extent': [2.0906050205230713, 0.9970585703849792, 0.6926480531692505], 'world_cord': [[1349.211181640625, 5000.216796875, 372.23486328125], [1349.2071533203125, 5000.216796875, 370.84954833984375], [1349.2017822265625, 4998.22265625, 372.23486328125], [1349.1978759765625, 4998.22265625, 370.8495788574219], [1345.030029296875, 5000.236328125, 372.2469177246094], [1345.0260009765625, 5000.236328125, 370.86163330078125], [1345.0206298828125, 4998.2421875, 372.2469177246094], [1345.0167236328125, 4998.2421875, 370.86163330078125]], 'semantic_tags': [14], 'type_id': 'vehicle.audi.tt', 'color': '33,33,33', 'base_type': 'car', 'num_points': 49, 'distance': 22.71984380531517, 'speed': 5.504849310902549e-06, 'brake': 1.0, 'light_state': 'Brake', 'road_id': 299, 'lane_id': -2, 'section_id': 0, 'world2vehicle': [[0.999984860420227, -0.004680202342569828, -0.0028853374533355236, -1322.6243896484375], [0.004680204670876265, 0.9999890327453613, -6.034036687196931e-06, -5005.47705078125], [0.002885333960875869, -7.4700246841530316e-06, 0.9999958276748657, -374.70355224609375], [0.0, 0.0, 0.0, 1.0]], 'position': (22.652607524591303, 1.7465115195445833, -0.03696690083233989), 'yaw': 2.8020894157170746, 'color_rgb': None, 'color_name': None, 'lane_type': carla.libcarla.LaneType.Driving, 'lane_type_str': 'Driving', 'is_in_junction': False, 'junction_id': -1, 'distance_to_junction': 7.0000505447387695, 'next_junction_id': 4883, 'next_road_ids': [4894], 'next_next_road_ids': [300], 'same_road_as_ego': False, 'same_direction_as_ego': False, 'lane_relative_to_ego': None, 'steer': 0.0, 'vehicle_cuts_in': False}]
[debug] into second branch, scenario_name = CrossingBicycleFlow
[debug] current frame is 340
[debug] hazardous_actors = []
[debug] into second branch, scenario_name = CrossingBicycleFlow
[debug] current frame is 345
[debug] hazardous_actors = []
[debug] into second branch, scenario_name = CrossingBicycleFlow
[debug] current frame is 350
[debug] hazardous_actors = []
[debug] current frame is 355
[debug] hazardous_actors = []
[debug] current frame is 360
[debug] hazardous_actors = []
[debug] current frame is 365
