[debug] current frame is 0
[debug] hazardous_actors = []
[debug] current frame is 5
[debug] hazardous_actors = []
[debug] current frame is 10
[debug] hazardous_actors = []
[debug] current frame is 15
[debug] hazardous_actors = []
[debug] into second branch, scenario_name = EnterActorFlow
[debug] current frame is 20
[debug] hazardous_actors = []
[debug] into second branch, scenario_name = EnterActorFlow
[debug] current frame is 25
[debug] hazardous_actors = []
[debug] into second branch, scenario_name = EnterActorFlow
[debug] current frame is 30
[debug] hazardous_actors = []
[debug] current frame is 35
[debug] hazardous_actors = []
[debug] current frame is 40
[debug] hazardous_actors = []
[debug] current frame is 45
[debug] hazardous_actors = []
[debug] current frame is 50
[debug] hazardous_actors = []
[debug] current frame is 55
[debug] hazardous_actors = []
[debug] current frame is 60
[debug] hazardous_actors = []
[debug] current frame is 65
[debug] hazardous_actors = []
[debug] current frame is 70
[debug] hazardous_actors = []
[debug] current frame is 75
[debug] hazardous_actors = []
[debug] current frame is 80
[debug] hazardous_actors = []
[debug] current frame is 85
[debug] hazardous_actors = []
[debug] current frame is 90
[debug] hazardous_actors = []
[debug] current frame is 95
[debug] hazardous_actors = []
[debug] current frame is 100
[debug] hazardous_actors = []
[debug] current frame is 105
[debug] hazardous_actors = []
[debug] current frame is 110
[debug] hazardous_actors = []
[debug] current frame is 115
[debug] hazardous_actors = []
[debug] current frame is 120
[debug] hazardous_actors = []
[debug] current frame is 125
[debug] hazardous_actors = []
[debug] current frame is 130
[debug] hazardous_actors = []
[debug] current frame is 135
[debug] hazardous_actors = []
[debug] current frame is 140
[debug] hazardous_actors = []
[debug] current frame is 145
[debug] hazardous_actors = []
[debug] current frame is 150
[debug] hazardous_actors = []
[debug] current frame is 155
[debug] hazardous_actors = []
[debug] current frame is 160
[debug] hazardous_actors = []
[debug] current frame is 165
[debug] hazardous_actors = []
[debug] current frame is 170
[debug] hazardous_actors = []
[debug] current frame is 175
[debug] hazardous_actors = []
[debug] current frame is 180
[debug] hazardous_actors = []
[debug] current frame is 185
[debug] hazardous_actors = []
[debug] current frame is 190
[debug] hazardous_actors = []
[debug] current frame is 195
[debug] hazardous_actors = []
[debug] current frame is 200
[debug] hazardous_actors = []
[debug] current frame is 205
[debug] hazardous_actors = []
[debug] current frame is 210
[debug] hazardous_actors = []
[debug] current frame is 215
[debug] hazardous_actors = []
[debug] current frame is 220
[debug] hazardous_actors = []
[debug] current frame is 225
[debug] hazardous_actors = []
[debug] current frame is 230
[debug] hazardous_actors = []
[debug] current frame is 235
[debug] hazardous_actors = []
[debug] current frame is 240
[debug] hazardous_actors = []
[debug] current frame is 245
[debug] hazardous_actors = []
[debug] current frame is 250
[debug] hazardous_actors = []
[debug] current frame is 255
[debug] hazardous_actors = []
[debug] current frame is 260
[debug] hazardous_actors = []
[debug] current frame is 265
[debug] hazardous_actors = []
[debug] current frame is 270
[debug] hazardous_actors = []
[debug] current frame is 275
[debug] hazardous_actors = []
[debug] current frame is 280
[debug] hazardous_actors = []
[debug] current frame is 285
[debug] hazardous_actors = []
[debug] current frame is 290
[debug] hazardous_actors = []
[debug] current frame is 295
[debug] hazardous_actors = []
[debug] current frame is 300
[debug] hazardous_actors = []
[debug] current frame is 305
[debug] hazardous_actors = []
[debug] current frame is 310
[debug] hazardous_actors = []
[debug] current frame is 315
[debug] hazardous_actors = []
[debug] current frame is 320
[debug] hazardous_actors = []
[debug] current frame is 325
[debug] hazardous_actors = []
[debug] current frame is 330
[debug] hazardous_actors = []
[debug] current frame is 335
[debug] hazardous_actors = []
[debug] current frame is 340
[debug] hazardous_actors = []
[debug] current frame is 345
[debug] hazardous_actors = []
[debug] current frame is 350
[debug] hazardous_actors = []
[debug] current frame is 355
[debug] hazardous_actors = []
[debug] current frame is 360
[debug] hazardous_actors = []
[debug] current frame is 365
[debug] hazardous_actors = []
[debug] current frame is 370
[debug] hazardous_actors = []
[debug] current frame is 375
[debug] hazardous_actors = []
[debug] current frame is 380
[debug] hazardous_actors = []
[debug] current frame is 385
[debug] hazardous_actors = []
[debug] current frame is 390
[debug] hazardous_actors = []
[debug] current frame is 395
[debug] hazardous_actors = []
[debug] current frame is 400
[debug] hazardous_actors = []
[debug] current frame is 405
[debug] hazardous_actors = []
[debug] current frame is 410
[debug] hazardous_actors = []
[debug] current frame is 415
[debug] hazardous_actors = []
[debug] current frame is 420
[debug] hazardous_actors = []
[debug] current frame is 425
[debug] hazardous_actors = []
[debug] current frame is 430
[debug] hazardous_actors = []
[debug] current frame is 435
[debug] hazardous_actors = []
[debug] current frame is 440
[debug] hazardous_actors = []
[debug] current frame is 445
[debug] hazardous_actors = []
[debug] current frame is 450
[debug] hazardous_actors = []
[debug] current frame is 455
[debug] hazardous_actors = []
[debug] current frame is 460
[debug] hazardous_actors = []
[debug] current frame is 465
[debug] hazardous_actors = []
[debug] into second branch, scenario_name = EnterActorFlow
[debug] current frame is 470
[debug] hazardous_actors = []
[debug] into second branch, scenario_name = EnterActorFlow
[debug] current frame is 475
[debug] hazardous_actors = []
[debug] in branch in front, vehicles_in_front = [{'class': 'vehicle', 'state': 'dynamic', 'id': '647', 'location': [-4.5833868980407715, -137.6654052734375, 0.031115831807255745], 'rotation': [-0.017335020005702972, 0.503768801689148, -167.55853271484375], 'bbx_loc': [0.004044192843139172, -2.7954578740718716e-07, 0.7188605070114136], 'center': [-4.58618688583374, -137.67250061035156, 0.7499473094940186], 'extent': [2.4508416652679443, 1.0641621351242065, 0.7553732395172119], 'world_cord': [[-6.749007225036621, -139.2461700439453, 1.4951934814453125], [-6.751422882080078, -139.2331085205078, -0.015494665130972862], [-7.207526206970215, -137.16790771484375, 1.5139063596725464], [-7.209941864013672, -137.15484619140625, 0.00321822427213192], [-1.962432622909546, -138.1901397705078, 1.4966764450073242], [-1.9648480415344238, -138.1770782470703, -0.014011641964316368], [-2.4209513664245605, -136.11187744140625, 1.5153894424438477], [-2.4233667850494385, -136.09881591796875, 0.0047012437134981155]], 'semantic_tags': [14], 'type_id': 'vehicle.lincoln.mkz_2017', 'color': '16,16,16', 'base_type': 'car', 'num_points': 245, 'distance': 11.637627447408372, 'speed': 11.643266129971696, 'brake': 0.0, 'light_state': 'LeftBlinker', 'road_id': 1293, 'lane_id': -1, 'section_id': 0, 'world2vehicle': [[-0.9765165448188782, -0.21544218063354492, -0.0003025531768798828, -34.134681701660156], [0.21543647348880768, -0.9764782786369324, -0.008792310021817684, -133.4395751953125], [0.0015987979713827372, -0.008651018142700195, 0.9999613165855408, -1.2147325277328491], [0.0, 0.0, 0.0, 1.0]], 'position': (11.611664446935228, -0.777588220466157, 0.017375624171764414), 'yaw': -3.078631264362576, 'color_rgb': None, 'color_name': None, 'lane_type': carla.libcarla.LaneType.Driving, 'lane_type_str': 'Driving', 'is_in_junction': True, 'junction_id': 1221, 'distance_to_junction': 0.0, 'next_junction_id': -1, 'next_road_ids': [19], 'next_next_road_ids': [853], 'same_road_as_ego': False, 'same_direction_as_ego': False, 'lane_relative_to_ego': None, 'steer': -0.29357190733756094, 'vehicle_cuts_in': False}]
[debug] into second branch, scenario_name = EnterActorFlow
[debug] current frame is 480
[debug] hazardous_actors = []
[debug] in branch in front, vehicles_in_front = [{'class': 'vehicle', 'state': 'dynamic', 'id': '647', 'location': [-10.319619178771973, -138.4528350830078, 0.03293643519282341], 'rotation': [-0.009678377769887447, 0.434874564409256, -177.297607421875], 'bbx_loc': [0.004044192843139172, -2.7954578740718716e-07, 0.7188605070114136], 'center': [-10.323522567749023, -138.45848083496094, 0.7517756223678589], 'extent': [2.4508416652679443, 1.0641621351242065, 0.7553732395172119], 'world_cord': [[-12.721323013305664, -139.64271545410156, 1.4986361265182495], [-12.721609115600586, -139.63125610351562, -0.012066829949617386], [-12.821669578552246, -137.51681518554688, 1.5147899389266968], [-12.821954727172852, -137.50535583496094, 0.00408698245882988], [-7.8250908851623535, -139.41160583496094, 1.4994641542434692], [-7.825376510620117, -139.400146484375, -0.011238839477300644], [-7.9254374504089355, -137.28570556640625, 1.5156179666519165], [-7.925723075866699, -137.2742462158203, 0.004914972931146622]], 'semantic_tags': [14], 'type_id': 'vehicle.lincoln.mkz_2017', 'color': '16,16,16', 'base_type': 'car', 'num_points': 162, 'distance': 13.02962242894049, 'speed': 11.653439618554685, 'brake': 0.0, 'light_state': 'LeftBlinker', 'road_id': 1293, 'lane_id': -1, 'section_id': 0, 'world2vehicle': [[-0.9988878965377808, -0.04714829847216606, -0.00016891956329345703, -16.835952758789062], [0.04714822396636009, -0.9988591074943542, -0.007589920423924923, -137.80807495117188], [0.00018912497034762055, -0.007589444052428007, 0.9999712109565735, -1.0817638635635376], [0.0, 0.0, 0.0, 1.0]], 'position': (13.024590004234465, -0.36396928191751954, -0.010018028911207733), 'yaw': -3.081011597744889, 'color_rgb': None, 'color_name': None, 'lane_type': carla.libcarla.LaneType.Driving, 'lane_type_str': 'Driving', 'is_in_junction': True, 'junction_id': 1221, 'distance_to_junction': 0.0, 'next_junction_id': -1, 'next_road_ids': [19], 'next_next_road_ids': [853], 'same_road_as_ego': False, 'same_direction_as_ego': False, 'lane_relative_to_ego': None, 'steer': -0.04624415049807761, 'vehicle_cuts_in': False}]
[debug] into second branch, scenario_name = EnterActorFlow
[debug] current frame is 485
[debug] hazardous_actors = []
[debug] in branch in front, vehicles_in_front = [{'class': 'vehicle', 'state': 'dynamic', 'id': '647', 'location': [-16.121362686157227, -138.62295532226562, 0.033565979450941086], 'rotation': [-0.0012840754352509975, 0.047047462314367294, -178.8354949951172], 'bbx_loc': [0.004044192843139172, -2.7954578740718716e-07, 0.7188605070114136], 'center': [-16.125410079956055, -138.62362670898438, 0.7524261474609375], 'extent': [2.4508416652679443, 1.0641621351242065, 0.7553732395172119], 'world_cord': [[-18.554122924804688, -139.7379913330078, 1.5068703889846802], [-18.554115295410156, -139.73675537109375, -0.003875572234392166], [-18.59737777709961, -137.610107421875, 1.5086181163787842], [-18.597368240356445, -137.60887145996094, -0.0021279379725456238], [-13.653451919555664, -139.6383819580078, 1.506980299949646], [-13.653443336486816, -139.63714599609375, -0.003765720874071121], [-13.69670581817627, -137.510498046875, 1.5087279081344604], [-13.696697235107422, -137.50926208496094, -0.0020180828869342804]], 'semantic_tags': [14], 'type_id': 'vehicle.lincoln.mkz_2017', 'color': '16,16,16', 'base_type': 'car', 'num_points': 141, 'distance': 13.86670934147951, 'speed': 11.657373002870413, 'brake': 0.0, 'light_state': 'NONE', 'road_id': 19, 'lane_id': -1, 'section_id': 0, 'world2vehicle': [[-0.9997934699058533, -0.020322982221841812, -2.241134461655747e-05, -18.935264587402344], [0.020322993397712708, -0.9997931122779846, -0.0008211330277845263, -138.2666015625], [-5.7188353821402416e-06, -0.0008214188856072724, 0.9999996423721313, -0.14752566814422607], [0.0, 0.0, 0.0, 1.0]], 'position': (13.858476838593841, 0.47694974641612475, -0.04835969714842281), 'yaw': -3.1409036938157895, 'color_rgb': None, 'color_name': None, 'lane_type': carla.libcarla.LaneType.Driving, 'lane_type_str': 'Driving', 'is_in_junction': False, 'junction_id': -1, 'distance_to_junction': 49.999996185302734, 'next_junction_id': 730, 'next_road_ids': [853], 'next_next_road_ids': [20], 'same_road_as_ego': False, 'same_direction_as_ego': False, 'lane_relative_to_ego': None, 'steer': 0.0012076314636715855, 'vehicle_cuts_in': False}]
[debug] into second branch, scenario_name = EnterActorFlow
[debug] current frame is 490
[debug] hazardous_actors = []
[debug] in branch in front, vehicles_in_front = [{'class': 'vehicle', 'state': 'dynamic', 'id': '647', 'location': [-21.924402236938477, -138.74330139160156, 0.03381591662764549], 'rotation': [-0.0006761886761523783, 0.0025222005788236856, -178.7953338623047], 'bbx_loc': [0.004044192843139172, -2.7954578740718716e-07, 0.7188605070114136], 'center': [-21.92845344543457, -138.74342346191406, 0.7526763677597046], 'extent': [2.4508416652679443, 1.0641621351242065, 0.7553732395172119], 'world_cord': [[-24.356388092041016, -139.85890197753906, 1.5079737901687622], [-24.356372833251953, -139.8588409423828, -0.002772632986307144], [-24.401134490966797, -137.73104858398438, 1.5080674886703491], [-24.4011173248291, -137.73098754882812, -0.002678941935300827], [-19.45578956604004, -139.755859375, 1.5080316066741943], [-19.455772399902344, -139.7557830810547, -0.002714782953262329], [-19.500534057617188, -137.6280059814453, 1.5081253051757812], [-19.500518798828125, -137.6279296875, -0.0026210956275463104]], 'semantic_tags': [14], 'type_id': 'vehicle.lincoln.mkz_2017', 'color': '16,16,16', 'base_type': 'car', 'num_points': 134, 'distance': 14.38629564258144, 'speed': 11.65738002607822, 'brake': 0.0, 'light_state': 'NONE', 'road_id': 19, 'lane_id': -1, 'section_id': 0, 'world2vehicle': [[-0.9997789859771729, -0.021023781970143318, -1.1801718756032642e-05, -24.83646583557129], [0.021023781970143318, -0.9997789859771729, -4.402070408104919e-05, -138.25169372558594], [-1.0873628525587264e-05, -4.4259093556320295e-05, 1.0, -0.04019496589899063], [0.0, 0.0, 0.0, 1.0]], 'position': (14.386295896226802, -0.02066067957630935, 0.0319573213460867), 'yaw': -3.1035611153268077, 'color_rgb': None, 'color_name': None, 'lane_type': carla.libcarla.LaneType.Driving, 'lane_type_str': 'Driving', 'is_in_junction': False, 'junction_id': -1, 'distance_to_junction': 44.99999237060547, 'next_junction_id': 730, 'next_road_ids': [853], 'next_next_road_ids': [20], 'same_road_as_ego': False, 'same_direction_as_ego': False, 'lane_relative_to_ego': None, 'steer': 0.00034230230604936223, 'vehicle_cuts_in': False}]
[debug] into second branch, scenario_name = EnterActorFlow
[debug] current frame is 495
[debug] hazardous_actors = []
[debug] in branch in front, vehicles_in_front = [{'class': 'vehicle', 'state': 'dynamic', 'id': '647', 'location': [-27.688199996948242, -138.8651885986328, 0.03401084989309311], 'rotation': [-0.053166188299655914, -3.051757266803179e-05, -178.78402709960938], 'bbx_loc': [0.004044192843139172, -2.7954578740718716e-07, 0.7188605070114136], 'center': [-27.692909240722656, -138.86529541015625, 0.7528672814369202], 'extent': [2.4508416652679443, 1.0641621351242065, 0.7553732395172119], 'world_cord': [[-30.12131690979004, -139.98123168945312, 1.5059666633605957], [-30.119915008544922, -139.981201171875, -0.004779249429702759], [-30.16648292541504, -137.8533935546875, 1.5059654712677002], [-30.165081024169922, -137.85336303710938, -0.00478038564324379], [-25.220739364624023, -139.87721252441406, 1.5105150938034058], [-25.219337463378906, -139.87718200683594, -0.00023085623979568481], [-25.265905380249023, -137.74937438964844, 1.5105139017105103], [-25.264503479003906, -137.7493438720703, -0.00023198872804641724]], 'semantic_tags': [14], 'type_id': 'vehicle.lincoln.mkz_2017', 'color': '16,16,16', 'base_type': 'car', 'num_points': 107, 'distance': 15.170525612289113, 'speed': 11.333213668933439, 'brake': 0.644382119178772, 'light_state': 'None', 'road_id': 19, 'lane_id': -1, 'section_id': 0, 'world2vehicle': [[-0.9997743964195251, -0.021221140399575233, -0.0009279249352402985, -30.628799438476562], [0.02122114971280098, -0.9997748136520386, 5.3263187282937e-07, -138.24635314941406], [-0.0009277272620238364, -1.9159120711265132e-05, 0.9999995827674866, -0.062358468770980835], [0.0, 0.0, 0.0, 1.0]], 'position': (15.169008252785215, -0.15815413103800324, 0.14952938710869734), 'yaw': -3.1012438988623297, 'color_rgb': None, 'color_name': None, 'lane_type': carla.libcarla.LaneType.Driving, 'lane_type_str': 'Driving', 'is_in_junction': False, 'junction_id': -1, 'distance_to_junction': 38.999996185302734, 'next_junction_id': 730, 'next_road_ids': [853], 'next_next_road_ids': [20], 'same_road_as_ego': False, 'same_direction_as_ego': False, 'lane_relative_to_ego': None, 'steer': 0.0, 'vehicle_cuts_in': False}]
[debug] into second branch, scenario_name = EnterActorFlow
[debug] current frame is 500
[debug] hazardous_actors = []
[debug] into second branch, scenario_name = EnterActorFlow
[debug] current frame is 505
[debug] hazardous_actors = []
[debug] into second branch, scenario_name = EnterActorFlow
[debug] current frame is 510
[debug] hazardous_actors = []
[debug] into second branch, scenario_name = EnterActorFlow
[debug] current frame is 515
[debug] hazardous_actors = []
[debug] into second branch, scenario_name = EnterActorFlow
[debug] current frame is 520
[debug] hazardous_actors = []
[debug] current frame is 525
[debug] hazardous_actors = []
[debug] current frame is 530
[debug] hazardous_actors = []
[debug] current frame is 0
[debug] hazardous_actors = []
[debug] current frame is 5
[debug] hazardous_actors = []
[debug] current frame is 10
[debug] hazardous_actors = []
[debug] current frame is 15
[debug] hazardous_actors = []
[debug] current frame is 20
[debug] hazardous_actors = []
[debug] current frame is 25
[debug] hazardous_actors = []
[debug] current frame is 30
[debug] hazardous_actors = []
[debug] into second branch, scenario_name = HighwayCutIn
[debug] current frame is 35
[debug] hazardous_actors = []
[debug] into second branch, scenario_name = HighwayCutIn
[debug] current frame is 40
[debug] hazardous_actors = []
[debug] into second branch, scenario_name = HighwayCutIn
[debug] current frame is 45
[debug] hazardous_actors = []
[debug] into second branch, scenario_name = HighwayCutIn
[debug] current frame is 50
[debug] hazardous_actors = []
[debug] into second branch, scenario_name = HighwayCutIn
[debug] current frame is 55
[debug] hazardous_actors = []
[debug] into second branch, scenario_name = HighwayCutIn
[debug] current frame is 60
[debug] hazardous_actors = []
[debug] into second branch, scenario_name = HighwayCutIn
[debug] current frame is 65
[debug] hazardous_actors = []
[debug] into second branch, scenario_name = HighwayCutIn
[debug] current frame is 70
[debug] hazardous_actors = []
[debug] in branch in front, vehicles_in_front = [{'class': 'vehicle', 'state': 'dynamic', 'id': '590', 'location': [228.33078002929688, 152.49229431152344, -0.02993297576904297], 'rotation': [-0.030244076624512672, 0.21754345297813416, -7.120154857635498], 'bbx_loc': [0.023647572845220566, 0.0005977132823318243, 0.7926706671714783], 'center': [228.3551025390625, 152.49288940429688, 0.7627171874046326], 'extent': [2.487122058868408, 1.0192005634307861, 0.7710590958595276], 'world_cord': [[230.9501495361328, 153.1988067626953, 1.528588056564331], [230.9486083984375, 153.19308471679688, -0.013518905267119408], [230.69749450683594, 151.17613220214844, 1.5363274812698364], [230.69595336914062, 151.17042541503906, -0.00577942281961441], [226.01426696777344, 153.8153533935547, 1.531213641166687], [226.01272583007812, 153.8096466064453, -0.010893207043409348], [225.76161193847656, 151.79269409179688, 1.538953185081482], [225.76007080078125, 151.7869873046875, -0.0031537245959043503]], 'semantic_tags': [14], 'type_id': 'vehicle.dodge.charger_police', 'color': '0,0,0', 'base_type': 'car', 'num_points': 61, 'distance': 20.8201644348094, 'speed': 8.560006971606875, 'brake': 0.30000001192092896, 'light_state': '3', 'road_id': 1159, 'lane_id': 3, 'section_id': 1, 'world2vehicle': [[0.9922882914543152, -0.1239505186676979, -0.0005278587341308594, -207.66847229003906], [0.12394765019416809, 0.9922814965248108, -0.003796839853748679, -179.61643981933594], [0.0009944046614691615, 0.0037021327298134565, 0.9999926686286926, -0.7616671323776245], [0.0, 0.0, 0.0, 1.0]], 'position': (20.764278192386627, 1.5240374639571712, -0.040934640933549815), 'yaw': 0.009743386028406957, 'color_rgb': None, 'color_name': None, 'lane_type': carla.libcarla.LaneType.Driving, 'lane_type_str': 'Driving', 'is_in_junction': True, 'junction_id': 1146, 'distance_to_junction': 0.0, 'next_junction_id': 1146, 'next_road_ids': [1159], 'next_next_road_ids': [37], 'same_road_as_ego': False, 'same_direction_as_ego': False, 'lane_relative_to_ego': None, 'steer': 0.05311909508570628, 'vehicle_cuts_in': False}]
[debug] into second branch, scenario_name = HighwayCutIn
[debug] current frame is 75
[debug] hazardous_actors = []
[debug] in branch in front, vehicles_in_front = [{'class': 'vehicle', 'state': 'dynamic', 'id': '590', 'location': [232.81149291992188, 151.98080444335938, -0.030109861865639687], 'rotation': [-0.035120829939842224, 0.0812847763299942, -5.747593402862549], 'bbx_loc': [0.023647572845220566, 0.0005977132823318243, 0.7926706671714783], 'center': [232.83567810058594, 151.9801025390625, 0.7625445127487183], 'extent': [2.487122058868408, 1.0192005634307861, 0.7710590958595276], 'world_cord': [[235.41294860839844, 152.7461395263672, 1.5306321382522583], [235.4117889404297, 152.7440643310547, -0.01148412749171257], [235.20880126953125, 150.71798706054688, 1.5335240364074707], [235.2076416015625, 150.71591186523438, -0.008592275902628899], [230.46371459960938, 153.24429321289062, 1.5336812734603882], [230.46255493164062, 153.24221801757812, -0.008435044437646866], [230.2595672607422, 151.2161407470703, 1.536573052406311], [230.25840759277344, 151.2140655517578, -0.005543192848563194]], 'semantic_tags': [14], 'type_id': 'vehicle.dodge.charger_police', 'color': '0,0,0', 'base_type': 'car', 'num_points': 74, 'distance': 20.268122201399247, 'speed': 9.414829343193611, 'brake': 0.0, 'light_state': '3', 'road_id': 1159, 'lane_id': 3, 'section_id': 1, 'world2vehicle': [[0.9949725270271301, -0.10014625638723373, -0.0006129740504547954, -216.42074584960938], [0.10014530271291733, 0.994971752166748, -0.0014186862390488386, -174.53163146972656], [0.0007519680075347424, 0.0013501673238351941, 0.9999988079071045, -0.3501564860343933], [0.0, 0.0, 0.0, 1.0]], 'position': (20.231596124240696, 1.2080586974823007, -0.1429600091986556), 'yaw': 0.001430947662618599, 'color_rgb': None, 'color_name': None, 'lane_type': carla.libcarla.LaneType.Driving, 'lane_type_str': 'Driving', 'is_in_junction': True, 'junction_id': 1146, 'distance_to_junction': 0.0, 'next_junction_id': 1146, 'next_road_ids': [1159], 'next_next_road_ids': [37], 'same_road_as_ego': False, 'same_direction_as_ego': False, 'lane_relative_to_ego': None, 'steer': 0.05872102429178962, 'vehicle_cuts_in': False}]
[debug] into second branch, scenario_name = HighwayCutIn
[debug] current frame is 80
[debug] hazardous_actors = []
[debug] in branch in front, vehicles_in_front = [{'class': 'vehicle', 'state': 'dynamic', 'id': '590', 'location': [237.7757568359375, 151.56283569335938, -0.03223266452550888], 'rotation': [0.05408826470375061, 0.24214670062065125, -4.071473598480225], 'bbx_loc': [0.023647572845220566, 0.0005977132823318243, 0.7926706671714783], 'center': [237.7988739013672, 151.56515502929688, 0.7604504227638245], 'extent': [2.487122058868408, 1.0192005634307861, 0.7710590958595276], 'world_cord': [[240.35159301757812, 152.40847778320312, 1.5295428037643433], [240.3525848388672, 152.40187072753906, -0.012560999020934105], [240.2068634033203, 150.375244140625, 1.53815758228302], [240.20785522460938, 150.36863708496094, -0.003946222364902496], [235.38990783691406, 152.76165771484375, 1.5248470306396484], [235.39089965820312, 152.7550506591797, -0.017256775870919228], [235.24517822265625, 150.72842407226562, 1.5334618091583252], [235.24615478515625, 150.72181701660156, -0.008641999214887619]], 'semantic_tags': [14], 'type_id': 'vehicle.dodge.charger_police', 'color': '0,0,0', 'base_type': 'car', 'num_points': 70, 'distance': 19.79835664147162, 'speed': 9.598232383838768, 'brake': 0.0, 'light_state': '3', 'road_id': 1159, 'lane_id': 3, 'section_id': 1, 'world2vehicle': [[0.9974758625030518, -0.07100079953670502, 0.000944018189329654, -226.4144744873047], [0.07100417464971542, 0.997467041015625, -0.004226242657750845, -168.06214904785156], [-0.0006415604148060083, 0.004282603971660137, 0.9999906420707703, -0.46430373191833496], [0.0, 0.0, 0.0, 1.0]], 'position': (19.797954827489605, -0.1265443319480255, -0.03209983747533851), 'yaw': 0.04679010916652454, 'color_rgb': None, 'color_name': None, 'lane_type': carla.libcarla.LaneType.Driving, 'lane_type_str': 'Driving', 'is_in_junction': True, 'junction_id': 1146, 'distance_to_junction': 0.0, 'next_junction_id': 1146, 'next_road_ids': [1159], 'next_next_road_ids': [37], 'same_road_as_ego': False, 'same_direction_as_ego': False, 'lane_relative_to_ego': None, 'steer': 0.053340293436010294, 'vehicle_cuts_in': False}]
[debug] into second branch, scenario_name = HighwayCutIn
[debug] current frame is 85
[debug] hazardous_actors = []
[debug] in branch in front, vehicles_in_front = [{'class': 'vehicle', 'state': 'dynamic', 'id': '590', 'location': [242.619140625, 151.2740936279297, -0.03097415901720524], 'rotation': [0.09816347062587738, 0.11089779436588287, -2.588623285293579], 'bbx_loc': [0.023647572845220566, 0.0005977132823318243, 0.7926706671714783], 'center': [242.64151000976562, 151.2752227783203, 0.7617332339286804], 'extent': [2.487122058868408, 1.0192005634307861, 0.7710590958595276], 'world_cord': [[245.17086791992188, 152.18260192871094, 1.5350781679153442], [245.17337036132812, 152.1794891357422, -0.0070348698645830154], [245.07879638671875, 150.1462860107422, 1.539023518562317], [245.081298828125, 150.14317321777344, -0.0030894875526428223], [240.2017059326172, 152.40725708007812, 1.5265558958053589], [240.20420837402344, 152.40415954589844, -0.015557116828858852], [240.10963439941406, 150.37094116210938, 1.5305012464523315], [240.1121368408203, 150.3678436279297, -0.011611735448241234]], 'semantic_tags': [14], 'type_id': 'vehicle.dodge.charger_police', 'color': '0,0,0', 'base_type': 'car', 'num_points': 69, 'distance': 19.356588645066807, 'speed': 9.338356102939965, 'brake': 0.0, 'light_state': '3', 'road_id': 1159, 'lane_id': 3, 'section_id': 1, 'world2vehicle': [[0.9989780783653259, -0.0451645627617836, 0.0017132749781012535, -235.53892517089844], [0.04516785964369774, 0.998977541923523, -0.0019355275435373187, -162.07806396484375], [-0.0016241059638559818, 0.0020109345205128193, 0.9999966621398926, 0.12081094831228256], [0.0, 0.0, 0.0, 1.0]], 'position': (19.33150585963392, 0.985259965685259, 0.017950578925699734), 'yaw': -0.028696630171229028, 'color_rgb': None, 'color_name': None, 'lane_type': carla.libcarla.LaneType.Driving, 'lane_type_str': 'Driving', 'is_in_junction': True, 'junction_id': 1146, 'distance_to_junction': 0.0, 'next_junction_id': 1146, 'next_road_ids': [1159], 'next_next_road_ids': [37], 'same_road_as_ego': False, 'same_direction_as_ego': False, 'lane_relative_to_ego': None, 'steer': 0.050893875914635255, 'vehicle_cuts_in': False}]
[debug] into second branch, scenario_name = HighwayCutIn
[debug] current frame is 90
[debug] hazardous_actors = []
[debug] in branch in front, vehicles_in_front = [{'class': 'vehicle', 'state': 'dynamic', 'id': '590', 'location': [246.8076629638672, 151.13211059570312, -0.02849697135388851], 'rotation': [0.09131279587745667, 0.07324567437171936, -1.366546630859375], 'bbx_loc': [0.023647572845220566, 0.0005977132823318243, 0.7926706671714783], 'center': [246.830078125, 151.13319396972656, 0.7642089128494263], 'extent': [2.487122058868408, 1.0192005634307861, 0.7710590958595276], 'world_cord': [[249.339599609375, 152.0937957763672, 1.537927269935608], [249.34201049804688, 152.09176635742188, -0.004187697544693947], [249.2909698486328, 150.0559844970703, 1.540533185005188], [249.2933807373047, 150.053955078125, -0.0015818532556295395], [244.3667755126953, 152.21243286132812, 1.529999852180481], [244.3691864013672, 152.2104034423828, -0.01211518980562687], [244.3181610107422, 150.1746063232422, 1.5326056480407715], [244.320556640625, 150.17257690429688, -0.009509347379207611]], 'semantic_tags': [14], 'type_id': 'vehicle.dodge.charger_police', 'color': '0,0,0', 'base_type': 'car', 'num_points': 66, 'distance': 18.999612914830053, 'speed': 8.141191113882304, 'brake': 0.0, 'light_state': '3', 'road_id': 1159, 'lane_id': 3, 'section_id': 1, 'world2vehicle': [[0.9997143149375916, -0.02384844608604908, 0.0015937081770971417, -243.13284301757812], [0.023850491270422935, 0.9997146725654602, -0.0012783762067556381, -156.9755096435547], [-0.0015627662651240826, 0.0013160217786207795, 0.9999979138374329, 0.21530646085739136], [0.0, 0.0, 0.0, 1.0]], 'position': (18.999151389318712, 0.12769634262357954, 0.03842001028771591), 'yaw': 0.006926890317674505, 'color_rgb': None, 'color_name': None, 'lane_type': carla.libcarla.LaneType.Driving, 'lane_type_str': 'Driving', 'is_in_junction': True, 'junction_id': 1146, 'distance_to_junction': 0.0, 'next_junction_id': 1146, 'next_road_ids': [1159], 'next_next_road_ids': [37], 'same_road_as_ego': False, 'same_direction_as_ego': False, 'lane_relative_to_ego': None, 'steer': 0.02869967255031656, 'vehicle_cuts_in': False}]
[debug] into second branch, scenario_name = HighwayCutIn
[debug] current frame is 95
[debug] hazardous_actors = []
[debug] in branch in front, vehicles_in_front = [{'class': 'vehicle', 'state': 'dynamic', 'id': '590', 'location': [250.85655212402344, 151.05970764160156, -0.028679141774773598], 'rotation': [-0.001249924534931779, 0.04740305617451668, -0.7006529569625854], 'bbx_loc': [0.023647572845220566, 0.0005977132823318243, 0.7926706671714783], 'center': [250.88023376464844, 151.0606689453125, 0.7639902234077454], 'extent': [2.487122058868408, 1.0192005634307861, 0.7710590958595276], 'world_cord': [[253.37965393066406, 152.05001831054688, 1.534151554107666], [253.37960815429688, 152.0487518310547, -0.007966069504618645], [253.35472106933594, 150.0117645263672, 1.535838007926941], [253.35467529296875, 150.010498046875, -0.00627962127327919], [248.40577697753906, 152.11083984375, 1.5342600345611572], [248.40573120117188, 152.1095733642578, -0.007857555523514748], [248.380859375, 150.07260131835938, 1.5359464883804321], [248.3808135986328, 150.07131958007812, -0.006171105429530144]], 'semantic_tags': [14], 'type_id': 'vehicle.dodge.charger_police', 'color': '0,0,0', 'base_type': 'car', 'num_points': 68, 'distance': 18.59986060249973, 'speed': 8.527508228997613, 'brake': 0.0, 'light_state': '3', 'road_id': 1159, 'lane_id': 3, 'section_id': 1, 'world2vehicle': [[0.9999252557754517, -0.012228396721184254, -2.1815298168803565e-05, -248.99058532714844], [0.012228374369442463, 0.999924898147583, -0.000827339303214103, -154.115966796875], [3.193069278495386e-05, 0.0008270107209682465, 0.9999996423721313, -0.10425889492034912], [0.0, 0.0, 0.0, 1.0]], 'position': (18.59897932539303, -0.16850405494602683, -0.07023196043254076), 'yaw': 0.01898651181020474, 'color_rgb': None, 'color_name': None, 'lane_type': carla.libcarla.LaneType.Driving, 'lane_type_str': 'Driving', 'is_in_junction': True, 'junction_id': 1146, 'distance_to_junction': 0.0, 'next_junction_id': 1146, 'next_road_ids': [1159], 'next_next_road_ids': [37], 'same_road_as_ego': False, 'same_direction_as_ego': False, 'lane_relative_to_ego': None, 'steer': 0.019107061823111466, 'vehicle_cuts_in': False}]
[debug] into second branch, scenario_name = HighwayCutIn
[debug] current frame is 100
[debug] hazardous_actors = []
[debug] in branch in front, vehicles_in_front = [{'class': 'vehicle', 'state': 'dynamic', 'id': '590', 'location': [255.4490509033203, 151.02891540527344, -0.031063536182045937], 'rotation': [-0.050413623452186584, 0.05611974745988846, -0.1978759467601776], 'bbx_loc': [0.023647572845220566, 0.0005977132823318243, 0.7926706671714783], 'center': [255.47340393066406, 151.03021240234375, 0.7615850567817688], 'extent': [2.487122058868408, 1.0192005634307861, 0.7710590958595276], 'world_cord': [[257.9647216796875, 152.04156494140625, 1.5294568538665771], [257.9633483886719, 152.04005432128906, -0.012660034000873566], [257.9576721191406, 150.003173828125, 1.5314533710479736], [257.956298828125, 150.0016632080078, -0.010663473978638649], [252.99049377441406, 152.05874633789062, 1.533833622932434], [252.9891357421875, 152.05723571777344, -0.008283277973532677], [252.98345947265625, 150.02035522460938, 1.5358301401138306], [252.9821014404297, 150.0188446044922, -0.00628671795129776]], 'semantic_tags': [14], 'type_id': 'vehicle.dodge.charger_police', 'color': '0,0,0', 'base_type': 'car', 'num_points': 70, 'distance': 18.213813581181213, 'speed': 9.613224324055647, 'brake': 0.0, 'light_state': '3', 'road_id': 37, 'lane_id': -7, 'section_id': 0, 'world2vehicle': [[0.9999936819076538, -0.0034535787999629974, -0.0008798835915513337, -254.92587280273438], [0.003452716628089547, 0.9999935626983643, -0.0009794739307835698, -151.9099578857422], [0.0008832606254145503, 0.0009764297283254564, 0.9999991655349731, -0.342033714056015], [0.0, 0.0, 0.0, 1.0]], 'position': (18.209140503135387, 0.40700435359843823, -0.07179853570120376), 'yaw': -0.018356099968290955, 'color_rgb': None, 'color_name': None, 'lane_type': carla.libcarla.LaneType.Driving, 'lane_type_str': 'Driving', 'is_in_junction': False, 'junction_id': -1, 'distance_to_junction': 198.99996948242188, 'next_junction_id': 1034, 'next_road_ids': [1037], 'next_next_road_ids': [38], 'same_road_as_ego': False, 'same_direction_as_ego': False, 'lane_relative_to_ego': None, 'steer': 0.008065487227424029, 'vehicle_cuts_in': False}]
[debug] into second branch, scenario_name = HighwayCutIn
[debug] current frame is 105
[debug] hazardous_actors = []
[debug] in branch in front, vehicles_in_front = [{'class': 'vehicle', 'state': 'dynamic', 'id': '590', 'location': [260.0352783203125, 151.02197265625, -0.029984187334775925], 'rotation': [-0.006167660467326641, 0.02660565823316574, 0.014062299393117428], 'bbx_loc': [0.023647572845220566, 0.0005977132823318243, 0.7926706671714783], 'center': [260.05902099609375, 151.02294921875, 0.7626835703849792], 'extent': [2.487122058868408, 1.0192005634307861, 0.7710590958595276], 'world_cord': [[262.54595947265625, 152.04310607910156, 1.53300142288208], [262.5458068847656, 152.0424041748047, -0.009116441011428833], [262.5464782714844, 150.0047149658203, 1.5339480638504028], [262.5462951660156, 150.00399780273438, -0.008169896900653839], [257.57171630859375, 152.04188537597656, 1.5335369110107422], [257.5715637207031, 152.0411834716797, -0.00858098454773426], [257.5722351074219, 150.0034942626953, 1.5344834327697754], [257.5720520019531, 150.00277709960938, -0.007634440436959267]], 'semantic_tags': [14], 'type_id': 'vehicle.dodge.charger_police', 'color': '0,0,0', 'base_type': 'car', 'num_points': 91, 'distance': 17.835384454500453, 'speed': 9.1229563883207, 'brake': 0.0, 'light_state': '3', 'road_id': 37, 'lane_id': -7, 'section_id': 0, 'world2vehicle': [[0.9999999403953552, 0.0002454334171488881, -0.00010764598118839785, -260.07232666015625], [-0.0002454833884257823, 0.9999998211860657, -0.0004643563006538898, -150.9581298828125], [0.00010753198876045644, 0.00046438269782811403, 0.9999998807907104, -0.0681099221110344], [0.0, 0.0, 0.0, 1.0]], 'position': (17.829974294328792, -0.4400884437907848, -0.010008351989484243), 'yaw': 0.028067826628942295, 'color_rgb': None, 'color_name': None, 'lane_type': carla.libcarla.LaneType.Driving, 'lane_type_str': 'Driving', 'is_in_junction': False, 'junction_id': -1, 'distance_to_junction': 193.99998474121094, 'next_junction_id': 1034, 'next_road_ids': [1037], 'next_next_road_ids': [38], 'same_road_as_ego': False, 'same_direction_as_ego': False, 'lane_relative_to_ego': None, 'steer': 0.00385438604279378, 'vehicle_cuts_in': False}]
[debug] into second branch, scenario_name = HighwayCutIn
[debug] current frame is 110
[debug] hazardous_actors = []
[debug] in branch in front, vehicles_in_front = [{'class': 'vehicle', 'state': 'dynamic', 'id': '590', 'location': [264.5629577636719, 151.02674865722656, -0.028847770765423775], 'rotation': [-0.07061732560396194, -0.008270263671875, 0.11405165493488312], 'bbx_loc': [0.023647572845220566, 0.0005977132823318243, 0.7926706671714783], 'center': [264.58758544921875, 151.02728271484375, 0.7637932300567627], 'extent': [2.487122058868408, 1.0192005634307861, 0.7710590958595276], 'world_cord': [[267.0736083984375, 152.0513153076172, 1.5319334268569946], [267.07171630859375, 152.05154418945312, -0.010183550417423248], [267.0776672363281, 150.01292419433594, 1.5316392183303833], [267.0757751464844, 150.0131378173828, -0.010477779433131218], [262.0993957519531, 152.04141235351562, 1.5380642414093018], [262.09747314453125, 152.04164123535156, -0.004052771255373955], [262.10345458984375, 150.00302124023438, 1.5377699136734009], [262.1015319824219, 150.00323486328125, -0.004347002133727074]], 'semantic_tags': [14], 'type_id': 'vehicle.dodge.charger_police', 'color': '0,0,0', 'base_type': 'car', 'num_points': 74, 'distance': 17.48324016265046, 'speed': 9.146815442985428, 'brake': 0.30000001192092896, 'light_state': '3', 'road_id': 37, 'lane_id': -7, 'section_id': 0, 'world2vehicle': [[0.9999972581863403, 0.0019905739463865757, -0.0012325044954195619, -264.8628845214844], [-0.0019903976935893297, 0.9999980330467224, 0.0001443432120140642, -150.4998779296875], [0.0012327893637120724, -0.00014188964269123971, 0.9999992251396179, -0.2758735120296478], [0.0, 0.0, 0.0, 1.0]], 'position': (17.483052145865088, -0.08662146047882402, -0.008876813751523382), 'yaw': 0.008083114188500017, 'color_rgb': None, 'color_name': None, 'lane_type': carla.libcarla.LaneType.Driving, 'lane_type_str': 'Driving', 'is_in_junction': False, 'junction_id': -1, 'distance_to_junction': 189.0, 'next_junction_id': 1034, 'next_road_ids': [1037], 'next_next_road_ids': [38], 'same_road_as_ego': False, 'same_direction_as_ego': False, 'lane_relative_to_ego': None, 'steer': -0.20580135405474329, 'vehicle_cuts_in': False}]
[debug] into second branch, scenario_name = HighwayCutIn
[debug] current frame is 115
[debug] hazardous_actors = []
