[debug] current frame is 0
[debug] hazardous_actors = []
[debug] current frame is 5
[debug] hazardous_actors = []
[debug] current frame is 10
[debug] hazardous_actors = []
[debug] current frame is 15
[debug] hazardous_actors = []
[debug] into second branch, scenario_name = CrossingBicycleFlow
[debug] current frame is 20
[debug] hazardous_actors = []
[debug] into second branch, scenario_name = CrossingBicycleFlow
[debug] current frame is 25
[debug] hazardous_actors = []
[debug] current frame is 30
[debug] hazardous_actors = []
[debug] into second branch, scenario_name = CrossingBicycleFlow
[debug] current frame is 35
[debug] hazardous_actors = []
[debug] into second branch, scenario_name = CrossingBicycleFlow
[debug] current frame is 40
[debug] hazardous_actors = []
[debug] into second branch, scenario_name = CrossingBicycleFlow
[debug] current frame is 45
[debug] hazardous_actors = []
[debug] current frame is 50
[debug] hazardous_actors = []
[debug] current frame is 55
[debug] hazardous_actors = []
[debug] current frame is 60
[debug] hazardous_actors = []
[debug] current frame is 65
[debug] hazardous_actors = []
[debug] current frame is 70
[debug] hazardous_actors = []
[debug] current frame is 75
[debug] hazardous_actors = []
[debug] current frame is 80
[debug] hazardous_actors = []
[debug] current frame is 85
[debug] hazardous_actors = []
[debug] current frame is 90
[debug] hazardous_actors = []
[debug] current frame is 95
[debug] hazardous_actors = []
[debug] current frame is 100
[debug] hazardous_actors = []
[debug] current frame is 105
[debug] hazardous_actors = []
[debug] current frame is 110
[debug] hazardous_actors = []
[debug] current frame is 115
[debug] hazardous_actors = []
[debug] current frame is 120
[debug] hazardous_actors = []
[debug] current frame is 125
[debug] hazardous_actors = []
[debug] current frame is 130
[debug] hazardous_actors = []
[debug] current frame is 135
[debug] hazardous_actors = []
[debug] current frame is 140
[debug] hazardous_actors = []
[debug] current frame is 145
[debug] hazardous_actors = []
[debug] current frame is 150
[debug] hazardous_actors = []
[debug] current frame is 155
[debug] hazardous_actors = []
[debug] current frame is 160
[debug] hazardous_actors = []
[debug] current frame is 165
[debug] hazardous_actors = []
[debug] current frame is 170
[debug] hazardous_actors = []
[debug] current frame is 175
[debug] hazardous_actors = []
[debug] current frame is 180
[debug] hazardous_actors = []
[debug] current frame is 185
[debug] hazardous_actors = []
[debug] current frame is 190
[debug] hazardous_actors = []
[debug] current frame is 195
[debug] hazardous_actors = []
[debug] current frame is 200
[debug] hazardous_actors = []
[debug] current frame is 205
[debug] hazardous_actors = []
[debug] current frame is 210
[debug] hazardous_actors = []
[debug] current frame is 215
[debug] hazardous_actors = []
[debug] current frame is 220
[debug] hazardous_actors = []
[debug] current frame is 225
[debug] hazardous_actors = []
[debug] current frame is 230
[debug] hazardous_actors = []
[debug] current frame is 235
[debug] hazardous_actors = []
[debug] current frame is 240
[debug] hazardous_actors = []
[debug] current frame is 245
[debug] hazardous_actors = []
[debug] current frame is 250
[debug] hazardous_actors = []
[debug] current frame is 255
[debug] hazardous_actors = []
[debug] current frame is 260
[debug] hazardous_actors = []
[debug] current frame is 265
[debug] hazardous_actors = []
[debug] current frame is 270
[debug] hazardous_actors = []
[debug] current frame is 275
[debug] hazardous_actors = []
[debug] current frame is 280
[debug] hazardous_actors = []
[debug] current frame is 285
[debug] hazardous_actors = []
[debug] current frame is 290
[debug] hazardous_actors = []
[debug] current frame is 295
[debug] hazardous_actors = []
[debug] current frame is 300
[debug] hazardous_actors = []
[debug] current frame is 305
[debug] hazardous_actors = []
[debug] current frame is 310
[debug] hazardous_actors = []
[debug] current frame is 315
[debug] hazardous_actors = []
[debug] current frame is 320
[debug] hazardous_actors = []
[debug] current frame is 325
[debug] hazardous_actors = []
[debug] current frame is 330
[debug] hazardous_actors = []
[debug] current frame is 335
[debug] hazardous_actors = []
[debug] current frame is 340
[debug] hazardous_actors = []
[debug] current frame is 345
[debug] hazardous_actors = []
[debug] in branch in front, vehicles_in_front = [{'class': 'vehicle', 'state': 'dynamic', 'id': '23295', 'location': [1764.2315673828125, 4988.2412109375, 367.5904235839844], 'rotation': [1.025819182395935, -0.001068115234375, 179.823974609375], 'bbx_loc': [-0.00037927148514427245, 2.3548025751551904e-07, 0.6926461458206177], 'center': [1764.244384765625, 4988.2412109375, 368.282958984375], 'extent': [2.0906050205230713, 0.9970585703849792, 0.6926480531692505], 'world_cord': [[1762.1634521484375, 4987.25048828125, 369.012939453125], [1762.138671875, 4987.25048828125, 367.62786865234375], [1762.1695556640625, 4989.24462890625, 369.0129089355469], [1762.144775390625, 4989.24462890625, 367.6278381347656], [1766.343994140625, 4987.23779296875, 368.9380798339844], [1766.319091796875, 4987.23779296875, 367.5530090332031], [1766.35009765625, 4989.23193359375, 368.93804931640625], [1766.3253173828125, 4989.23193359375, 367.552978515625]], 'semantic_tags': [14], 'type_id': 'vehicle.audi.tt', 'color': '33,33,33', 'base_type': 'car', 'num_points': 54, 'distance': 21.363236726319325, 'speed': 0.0, 'brake': 1.0, 'light_state': '139', 'road_id': 302, 'lane_id': 2, 'section_id': 0, 'world2vehicle': [[-0.9998350143432617, 0.0030716771725565195, 0.01790296472609043, 1742.037353515625], [-0.0030718359630554914, -0.9999952912330627, 1.8639138943399303e-05, 4993.63037109375], [0.017902938649058342, -3.6358902434585616e-05, 0.999839723110199, -398.93505859375], [0.0, 0.0, 0.0, 1.0]], 'position': (21.35086978965387, -0.7995899392899446, -0.16198404932538324), 'yaw': -0.2524818693170733, 'color_rgb': None, 'color_name': None, 'lane_type': carla.libcarla.LaneType.Driving, 'lane_type_str': 'Driving', 'is_in_junction': False, 'junction_id': -1, 'distance_to_junction': 6.709487438201904, 'next_junction_id': 14280, 'next_road_ids': [14326], 'next_next_road_ids': [830], 'same_road_as_ego': False, 'same_direction_as_ego': False, 'lane_relative_to_ego': None, 'steer': 0.0, 'vehicle_cuts_in': False}, {'class': 'vehicle', 'state': 'dynamic', 'id': '23299', 'location': [1773.434326171875, 4988.21875, 367.4311218261719], 'rotation': [1.0092287063598633, -3.0517658160533756e-05, 179.8155059814453], 'bbx_loc': [7.99035988165997e-05, 0.0017905564745888114, 0.7015068531036377], 'center': [1773.4466552734375, 4988.216796875, 368.13250732421875], 'extent': [2.6787397861480713, 1.0166014432907104, 0.7053293585777283], 'world_cord': [[1770.7774658203125, 4987.208984375, 368.8849182128906], [1770.7525634765625, 4987.208984375, 367.4744873046875], [1770.783935546875, 4989.2421875, 368.8849182128906], [1770.7591552734375, 4989.2421875, 367.4744873046875], [1776.134033203125, 4987.19189453125, 368.7905578613281], [1776.1092529296875, 4987.19189453125, 367.380126953125], [1776.140625, 4989.224609375, 368.7905578613281], [1776.11572265625, 4989.22509765625, 367.380126953125]], 'semantic_tags': [14], 'type_id': 'vehicle.chevrolet.impala', 'color': '0,12,49', 'base_type': 'car', 'num_points': 15, 'distance': 30.300325267302114, 'speed': -2.9297143724678034e-05, 'brake': 1.0, 'light_state': '155', 'road_id': 302, 'lane_id': 2, 'section_id': 0, 'world2vehicle': [[-0.9998396635055542, 0.003219488775357604, 0.017613453790545464, 1750.6187744140625], [-0.003219979116693139, -0.9999948143959045, 5.32550984644331e-07, 4993.9033203125], [0.0176133643835783, -5.618248906102963e-05, 0.9998448491096497, -398.33001708984375], [0.0, 0.0, 0.0, 1.0]], 'position': (30.268708463902954, 1.4778375394707837, -0.1158861716858155), 'yaw': -0.2524818693170733, 'color_rgb': None, 'color_name': None, 'lane_type': carla.libcarla.LaneType.Driving, 'lane_type_str': 'Driving', 'is_in_junction': False, 'junction_id': -1, 'distance_to_junction': 15.759297370910645, 'next_junction_id': 14280, 'next_road_ids': [14326], 'next_next_road_ids': [830], 'same_road_as_ego': False, 'same_direction_as_ego': False, 'lane_relative_to_ego': None, 'steer': 0.0, 'vehicle_cuts_in': False}]
[debug] into second branch, scenario_name = CrossingBicycleFlow
[debug] current frame is 350
[debug] hazardous_actors = []
[debug] into second branch, scenario_name = CrossingBicycleFlow
[debug] current frame is 355
[debug] hazardous_actors = []
[debug] current frame is 360
[debug] hazardous_actors = []
[debug] current frame is 365
[debug] hazardous_actors = []
[debug] into second branch, scenario_name = CrossingBicycleFlow
[debug] current frame is 370
[debug] hazardous_actors = []
[debug] into second branch, scenario_name = CrossingBicycleFlow
[debug] current frame is 375
[debug] hazardous_actors = []
[debug] in branch in front, vehicles_in_front = [{'class': 'vehicle', 'state': 'dynamic', 'id': '23284', 'location': [1752.265625, 4942.3203125, 367.6571350097656], 'rotation': [-0.2207653671503067, -0.00015257981431204826, -89.55343627929688], 'bbx_loc': [0.032141976058483124, 3.315925641800277e-05, 0.650477409362793], 'center': [1752.265869140625, 4942.28564453125, 368.3074951171875], 'extent': [2.358762502670288, 0.947413444519043, 0.650469958782196], 'world_cord': [[1753.231689453125, 4939.931640625, 368.9488525390625], [1753.231689453125, 4939.93701171875, 367.6479187011719], [1751.3369140625, 4939.9169921875, 368.9488525390625], [1751.3369140625, 4939.921875, 367.6479187011719], [1753.1949462890625, 4944.6494140625, 368.967041015625], [1753.1949462890625, 4944.654296875, 367.6661071777344], [1751.3001708984375, 4944.63427734375, 368.967041015625], [1751.3001708984375, 4944.6396484375, 367.6661071777344]], 'semantic_tags': [14], 'type_id': 'vehicle.ford.mustang', 'color': '85,0,0', 'base_type': 'car', 'num_points': 29, 'distance': 29.660726720105917, 'speed': 0.9467210330358333, 'brake': 0.0, 'light_state': '131', 'road_id': 830, 'lane_id': 1, 'section_id': 0, 'world2vehicle': [[0.0077938418835401535, -0.9999621510505676, -0.003853072877973318, 4929.89306640625], [0.9999696016311646, 0.007793889846652746, 2.6630002594174584e-06, -1790.7332763671875], [2.736752685450483e-05, -0.0038529764860868454, 0.9999925494194031, -348.6596984863281], [0.0, 0.0, 0.0, 1.0]], 'position': (29.6246906854185, -1.4595840733611567, -0.10854578070575371), 'yaw': -1.5131334297144465, 'color_rgb': None, 'color_name': None, 'lane_type': carla.libcarla.LaneType.Driving, 'lane_type_str': 'Driving', 'is_in_junction': False, 'junction_id': -1, 'distance_to_junction': 59.00059509277344, 'next_junction_id': 1809, 'next_road_ids': [1828], 'next_next_road_ids': [829], 'same_road_as_ego': True, 'same_direction_as_ego': True, 'lane_relative_to_ego': 0, 'steer': 0.010797355113307669, 'vehicle_cuts_in': False}]
[debug] into second branch, scenario_name = CrossingBicycleFlow
[debug] current frame is 380
[debug] hazardous_actors = []
[debug] in branch in front, vehicles_in_front = [{'class': 'vehicle', 'state': 'dynamic', 'id': '23284', 'location': [1752.2728271484375, 4941.4287109375, 367.65362548828125], 'rotation': [-0.2082524597644806, 2.105766543536447e-05, -89.49827575683594], 'bbx_loc': [0.032141976058483124, 3.315925641800277e-05, 0.650477409362793], 'center': [1752.273193359375, 4941.39404296875, 368.3039855957031], 'extent': [2.358762502670288, 0.947413444519043, 0.650469958782196], 'world_cord': [[1753.2412109375, 4939.04150390625, 368.94586181640625], [1753.2412109375, 4939.04638671875, 367.6449279785156], [1751.346435546875, 4939.02490234375, 368.94586181640625], [1751.346435546875, 4939.02978515625, 367.6449279785156], [1753.199951171875, 4943.7587890625, 368.9630126953125], [1753.1998291015625, 4943.763671875, 367.6620788574219], [1751.30517578125, 4943.7421875, 368.9630126953125], [1751.3050537109375, 4943.7470703125, 367.6620788574219]], 'semantic_tags': [14], 'type_id': 'vehicle.ford.mustang', 'color': '85,0,0', 'base_type': 'car', 'num_points': 22, 'distance': 25.957431592358372, 'speed': 2.5921119820196123, 'brake': 0.0, 'light_state': '131', 'road_id': 830, 'lane_id': 1, 'section_id': 0, 'world2vehicle': [[0.008756543509662151, -0.9999550580978394, -0.0036346830893307924, 4927.19921875], [0.9999616742134094, 0.008756602182984352, -3.675231425859238e-07, -1795.4757080078125], [3.2194981031352654e-05, -0.0036345405969768763, 0.9999933838844299, -349.7477722167969], [0.0, 0.0, 0.0, 1.0]], 'position': (25.952043388772836, -0.5407394609233052, 0.02159256417668587), 'yaw': -1.5444078625016284, 'color_rgb': None, 'color_name': None, 'lane_type': carla.libcarla.LaneType.Driving, 'lane_type_str': 'Driving', 'is_in_junction': False, 'junction_id': -1, 'distance_to_junction': 59.000606536865234, 'next_junction_id': 1809, 'next_road_ids': [1828], 'next_next_road_ids': [829], 'same_road_as_ego': True, 'same_direction_as_ego': True, 'lane_relative_to_ego': 0, 'steer': -0.0007482959505876744, 'vehicle_cuts_in': False}]
[debug] into second branch, scenario_name = CrossingBicycleFlow
[debug] current frame is 385
[debug] hazardous_actors = []
[debug] in branch in front, vehicles_in_front = [{'class': 'vehicle', 'state': 'dynamic', 'id': '23284', 'location': [1752.2864990234375, 4939.76318359375, 367.6469421386719], 'rotation': [-0.20904475450515747, -3.0522613087669015e-05, -89.50541687011719], 'bbx_loc': [0.032141976058483124, 3.315925641800277e-05, 0.650477409362793], 'center': [1752.286865234375, 4939.728515625, 368.29730224609375], 'extent': [2.358762502670288, 0.947413444519043, 0.650469958782196], 'world_cord': [[1753.254638671875, 4937.3759765625, 368.93914794921875], [1753.2545166015625, 4937.38037109375, 367.6382141113281], [1751.35986328125, 4937.359375, 368.93914794921875], [1751.3597412109375, 4937.3642578125, 367.6382141113281], [1753.2138671875, 4942.09326171875, 368.95635986328125], [1753.2138671875, 4942.09765625, 367.6554260253906], [1751.319091796875, 4942.07666015625, 368.95635986328125], [1751.319091796875, 4942.08154296875, 367.6554260253906]], 'semantic_tags': [14], 'type_id': 'vehicle.ford.mustang', 'color': '85,0,0', 'base_type': 'car', 'num_points': 36, 'distance': 23.45756661044775, 'speed': 4.061708225626265, 'brake': 0.0, 'light_state': '131', 'road_id': 830, 'lane_id': 1, 'section_id': 0, 'world2vehicle': [[0.008631974458694458, -0.9999560713768005, -0.0036485111340880394, 4925.76220703125], [0.9999627470970154, 0.008632030338048935, 5.327165126800537e-07, -1794.861572265625], [3.09613642457407e-05, -0.0036483798176050186, 0.9999933242797852, -349.6766357421875], [0.0, 0.0, 0.0, 1.0]], 'position': (23.450326659483835, -0.5754586923758325, -0.01665656785354841), 'yaw': -1.5442515349456407, 'color_rgb': None, 'color_name': None, 'lane_type': carla.libcarla.LaneType.Driving, 'lane_type_str': 'Driving', 'is_in_junction': False, 'junction_id': -1, 'distance_to_junction': 57.00057601928711, 'next_junction_id': 1809, 'next_road_ids': [1828], 'next_next_road_ids': [829], 'same_road_as_ego': True, 'same_direction_as_ego': True, 'lane_relative_to_ego': 0, 'steer': -0.008471314882666534, 'vehicle_cuts_in': False}]
[debug] into second branch, scenario_name = CrossingBicycleFlow
[debug] current frame is 390
[debug] hazardous_actors = []
[debug] in branch in front, vehicles_in_front = [{'class': 'vehicle', 'state': 'dynamic', 'id': '23284', 'location': [1752.3037109375, 4937.36474609375, 367.63787841796875], 'rotation': [-0.21538999676704407, 0.00013678483082912862, -89.62183380126953], 'bbx_loc': [0.032141976058483124, 3.315925641800277e-05, 0.650477409362793], 'center': [1752.303955078125, 4937.330078125, 368.2882385253906], 'extent': [2.358762502670288, 0.947413444519043, 0.650469958782196], 'world_cord': [[1753.2669677734375, 4934.97509765625, 368.9298400878906], [1753.2669677734375, 4934.97998046875, 367.62890625], [1751.3721923828125, 4934.962890625, 368.9298400878906], [1751.3721923828125, 4934.9677734375, 367.62890625], [1753.23583984375, 4939.69287109375, 368.94757080078125], [1753.23583984375, 4939.69775390625, 367.6466369628906], [1751.341064453125, 4939.68017578125, 368.94757080078125], [1751.3409423828125, 4939.68505859375, 367.6466369628906]], 'semantic_tags': [14], 'type_id': 'vehicle.ford.mustang', 'color': '85,0,0', 'base_type': 'car', 'num_points': 41, 'distance': 21.262211910417633, 'speed': 5.3004386058751525, 'brake': 0.0, 'light_state': '131', 'road_id': 830, 'lane_id': 1, 'section_id': 0, 'world2vehicle': [[0.006600121967494488, -0.9999711513519287, -0.0037592556327581406, 4927.03857421875], [0.999978244304657, 0.006600177846848965, -2.387328777331277e-06, -1784.852294921875], [2.7199017495149747e-05, -0.0037591580767184496, 0.9999929070472717, -349.12261962890625], [0.0, 0.0, 0.0, 1.0]], 'position': (21.261896204895493, 0.09010178591574913, -0.03151498859426738), 'yaw': -1.5743497826373893, 'color_rgb': None, 'color_name': None, 'lane_type': carla.libcarla.LaneType.Driving, 'lane_type_str': 'Driving', 'is_in_junction': False, 'junction_id': -1, 'distance_to_junction': 54.000526428222656, 'next_junction_id': 1809, 'next_road_ids': [1828], 'next_next_road_ids': [829], 'same_road_as_ego': True, 'same_direction_as_ego': True, 'lane_relative_to_ego': 0, 'steer': -0.0028225932753601665, 'vehicle_cuts_in': False}]
[debug] into second branch, scenario_name = CrossingBicycleFlow
[debug] current frame is 395
[debug] hazardous_actors = []
[debug] in branch in front, vehicles_in_front = [{'class': 'vehicle', 'state': 'dynamic', 'id': '23284', 'location': [1752.3216552734375, 4934.2861328125, 367.62518310546875], 'rotation': [-0.21154460310935974, -0.00033570206142030656, -89.67162322998047], 'bbx_loc': [0.032141976058483124, 3.315925641800277e-05, 0.650477409362793], 'center': [1752.3218994140625, 4934.25146484375, 368.2755432128906], 'extent': [2.358762502670288, 0.947413444519043, 0.650469958782196], 'world_cord': [[1753.2828369140625, 4931.89599609375, 368.91729736328125], [1753.2828369140625, 4931.90087890625, 367.6163635253906], [1751.3880615234375, 4931.88525390625, 368.91729736328125], [1751.387939453125, 4931.8896484375, 367.6163635253906], [1753.2557373046875, 4936.61328125, 368.9347229003906], [1753.2557373046875, 4936.6181640625, 367.6337890625], [1751.3609619140625, 4936.6025390625, 368.9346923828125], [1751.3609619140625, 4936.607421875, 367.6337890625]], 'semantic_tags': [14], 'type_id': 'vehicle.ford.mustang', 'color': '85,0,0', 'base_type': 'car', 'num_points': 59, 'distance': 19.83991094421256, 'speed': 7.113202603538796, 'brake': 0.0, 'light_state': '131', 'road_id': 830, 'lane_id': 1, 'section_id': 0, 'world2vehicle': [[0.0057312301360070705, -0.9999767541885376, -0.0036921415012329817, 4925.48583984375], [0.999983549118042, 0.005731247831135988, 5.859066277480451e-06, -1780.57470703125], [1.5301646271836944e-05, -0.003692114260047674, 0.9999932050704956, -349.4315490722656], [0.0, 0.0, 0.0, 1.0]], 'position': (19.839590854861854, 0.144226948872074, -0.016210598315630875), 'yaw': -1.5754640492374785, 'color_rgb': None, 'color_name': None, 'lane_type': carla.libcarla.LaneType.Driving, 'lane_type_str': 'Driving', 'is_in_junction': False, 'junction_id': -1, 'distance_to_junction': 51.000484466552734, 'next_junction_id': 1809, 'next_road_ids': [1828], 'next_next_road_ids': [829], 'same_road_as_ego': True, 'same_direction_as_ego': True, 'lane_relative_to_ego': 0, 'steer': -0.0026864118651172765, 'vehicle_cuts_in': False}]
[debug] into second branch, scenario_name = CrossingBicycleFlow
[debug] current frame is 400
[debug] hazardous_actors = []
[debug] in branch in front, vehicles_in_front = [{'class': 'vehicle', 'state': 'dynamic', 'id': '23284', 'location': [1752.341796875, 4930.28564453125, 367.60870361328125], 'rotation': [-0.21911928057670593, -0.00015257979976013303, -89.73320007324219], 'bbx_loc': [0.032141976058483124, 3.315925641800277e-05, 0.650477409362793], 'center': [1752.342041015625, 4930.2509765625, 368.2590637207031], 'extent': [2.358762502670288, 0.947413444519043, 0.650469958782196], 'world_cord': [[1753.3004150390625, 4927.89404296875, 368.9005126953125], [1753.3004150390625, 4927.8994140625, 367.5995788574219], [1751.4056396484375, 4927.88525390625, 368.9004821777344], [1751.405517578125, 4927.89013671875, 367.5995788574219], [1753.2784423828125, 4932.61181640625, 368.9185485839844], [1753.2784423828125, 4932.61669921875, 367.61761474609375], [1751.3836669921875, 4932.60302734375, 368.9185485839844], [1751.383544921875, 4932.60791015625, 367.61761474609375]], 'semantic_tags': [14], 'type_id': 'vehicle.ford.mustang', 'color': '85,0,0', 'base_type': 'car', 'num_points': 45, 'distance': 19.13939216224592, 'speed': 8.764427883508299, 'brake': 0.0, 'light_state': '131', 'road_id': 830, 'lane_id': 1, 'section_id': 0, 'world2vehicle': [[0.004656458739191294, -0.9999818205833435, -0.0038243436720222235, 4923.44189453125], [0.9999891519546509, 0.004656482487916946, 2.6630002594174584e-06, -1775.281494140625], [1.5145036741159856e-05, -0.0038243145681917667, 0.9999926686286926, -348.777587890625], [0.0, 0.0, 0.0, 1.0]], 'position': (19.13834181011498, 0.18345784266284682, -0.10975044135409462), 'yaw': -1.5754541955414452, 'color_rgb': None, 'color_name': None, 'lane_type': carla.libcarla.LaneType.Driving, 'lane_type_str': 'Driving', 'is_in_junction': False, 'junction_id': -1, 'distance_to_junction': 47.00042724609375, 'next_junction_id': 1809, 'next_road_ids': [1828], 'next_next_road_ids': [829], 'same_road_as_ego': True, 'same_direction_as_ego': True, 'lane_relative_to_ego': 0, 'steer': 0.0, 'vehicle_cuts_in': False}]
[debug] into second branch, scenario_name = CrossingBicycleFlow
[debug] current frame is 0
[debug] hazardous_actors = []
[debug] current frame is 5
[debug] hazardous_actors = []
[debug] in branch in front, vehicles_in_front = [{'class': 'vehicle', 'state': 'dynamic', 'id': '301', 'location': [247.12559509277344, -61.8240852355957, -0.009657630696892738], 'rotation': [0.0, 0.0, -88.60680389404297], 'bbx_loc': [-0.0025934313889592886, 4.462897777557373e-06, 0.7203620076179504], 'center': [247.1255340576172, -61.82149124145508, 0.7107043862342834], 'extent': [2.3368194103240967, 0.9059062600135803, 0.7209736704826355], 'world_cord': [[248.08799743652344, -64.1355972290039, 1.431678056716919], [248.08799743652344, -64.1355972290039, -0.010269293561577797], [246.27671813964844, -64.17964935302734, 1.431678056716919], [246.27671813964844, -64.17964935302734, -0.010269293561577797], [247.974365234375, -59.46333694458008, 1.431678056716919], [247.974365234375, -59.46333694458008, -0.010269293561577797], [246.1630859375, -59.507389068603516, 1.431678056716919], [246.1630859375, -59.507389068603516, -0.010269293561577797]], 'semantic_tags': [14], 'type_id': 'vehicle.mercedes.coupe_2020', 'color': '187,187,187', 'base_type': 'car', 'num_points': 95, 'distance': 14.949642576197443, 'speed': 1.6628253583042625e-08, 'brake': 0.0, 'light_state': '131', 'road_id': 65, 'lane_id': 3, 'section_id': 0, 'world2vehicle': [[0.024313513189554214, -0.9997043609619141, 0.0, -67.81430053710938], [0.9997043609619141, 0.024313513189554214, -0.0, -245.54937744140625], [0.0, 0.0, 1.0, 0.009657630696892738], [0.0, 0.0, 0.0, 1.0]], 'position': (14.949559825792605, -0.0005242883314906521, -0.05128188054213656), 'yaw': -1.5464399875714134, 'color_rgb': None, 'color_name': None, 'lane_type': carla.libcarla.LaneType.Driving, 'lane_type_str': 'Driving', 'is_in_junction': False, 'junction_id': -1, 'distance_to_junction': 167.6772918701172, 'next_junction_id': 498, 'next_road_ids': [526], 'next_next_road_ids': [0], 'same_road_as_ego': True, 'same_direction_as_ego': True, 'lane_relative_to_ego': 0, 'steer': 0.043313440274830466, 'vehicle_cuts_in': False}]
[debug] into second branch, scenario_name = HazardAtSideLane
[debug] in HazardAtSideLane, bicycles = []
[debug] current frame is 10
[debug] hazardous_actors = []
[debug] in branch in front, vehicles_in_front = [{'class': 'vehicle', 'state': 'dynamic', 'id': '301', 'location': [247.1402130126953, -62.24332809448242, -0.0013929748674854636], 'rotation': [0.17636913061141968, -0.0035400288179516792, -88.50267791748047], 'bbx_loc': [-0.0025934313889592886, 4.462897777557373e-06, 0.7203620076179504], 'center': [247.14004516601562, -62.238521575927734, 0.7189576625823975], 'extent': [2.3368194103240967, 0.9059062600135803, 0.7209736704826355], 'world_cord': [[248.10659790039062, -64.54864501953125, 1.4471771717071533], [248.1068115234375, -64.5530776977539, 0.005236590746790171], [246.29541015625, -64.59598541259766, 1.4470652341842651], [246.2956085205078, -64.60041809082031, 0.005124648101627827], [247.98448181152344, -59.87662124633789, 1.4327906370162964], [247.98468017578125, -59.88105392456055, -0.0091498838737607], [246.17327880859375, -59.92396545410156, 1.4326786994934082], [246.17349243164062, -59.92839813232422, -0.009261826053261757]], 'semantic_tags': [14], 'type_id': 'vehicle.mercedes.coupe_2020', 'color': '187,187,187', 'base_type': 'car', 'num_points': 99, 'distance': 15.141086570676594, 'speed': 2.0141360145259215, 'brake': 0.0, 'light_state': '131', 'road_id': 65, 'lane_id': 3, 'section_id': 0, 'world2vehicle': [[0.026130158454179764, -0.9996538162231445, 0.003078217152506113, -68.67958068847656], [0.9996585249900818, 0.026130471378564835, 6.178486364660785e-05, -245.4293670654297], [-0.00014219872537069023, 0.00307555147446692, 0.9999952912330627, 0.22796855866909027], [0.0, 0.0, 0.0, 1.0]], 'position': (15.141048334974265, -0.01654521180557822, 0.029534299065889377), 'yaw': -1.5450717885613852, 'color_rgb': None, 'color_name': None, 'lane_type': carla.libcarla.LaneType.Driving, 'lane_type_str': 'Driving', 'is_in_junction': False, 'junction_id': -1, 'distance_to_junction': 167.52394104003906, 'next_junction_id': 498, 'next_road_ids': [526], 'next_next_road_ids': [0], 'same_road_as_ego': True, 'same_direction_as_ego': True, 'lane_relative_to_ego': 0, 'steer': 0.03674915425622167, 'vehicle_cuts_in': False}]
[debug] into second branch, scenario_name = HazardAtSideLane
[debug] in HazardAtSideLane, bicycles = []
[debug] current frame is 15
[debug] hazardous_actors = []
[debug] current frame is 20
[debug] hazardous_actors = []
[debug] current frame is 25
[debug] hazardous_actors = []
[debug] current frame is 30
[debug] hazardous_actors = []
[debug] current frame is 35
[debug] hazardous_actors = []
[debug] current frame is 40
[debug] hazardous_actors = []
[debug] current frame is 45
[debug] hazardous_actors = []
[debug] into second branch, scenario_name = HazardAtSideLane
[debug] in HazardAtSideLane, bicycles = []
[debug] current frame is 50
[debug] hazardous_actors = []
[debug] into second branch, scenario_name = HazardAtSideLane
[debug] in HazardAtSideLane, bicycles = []
[debug] current frame is 55
[debug] hazardous_actors = []
[debug] into second branch, scenario_name = HazardAtSideLane
[debug] in HazardAtSideLane, bicycles = []
[debug] current frame is 60
[debug] hazardous_actors = []
[debug] into second branch, scenario_name = HazardAtSideLane
[debug] in HazardAtSideLane, bicycles = []
[debug] current frame is 65
[debug] hazardous_actors = []
[debug] into second branch, scenario_name = HazardAtSideLane
[debug] in HazardAtSideLane, bicycles = []
[debug] current frame is 70
[debug] hazardous_actors = []
[debug] into second branch, scenario_name = HazardAtSideLane
[debug] in HazardAtSideLane, bicycles = []
[debug] current frame is 75
[debug] hazardous_actors = []
[debug] into second branch, scenario_name = HazardAtSideLane
[debug] in HazardAtSideLane, bicycles = []
[debug] current frame is 80
[debug] hazardous_actors = []
[debug] into second branch, scenario_name = HazardAtSideLane
[debug] in HazardAtSideLane, bicycles = []
[debug] current frame is 85
[debug] hazardous_actors = []
[debug] in branch in front, vehicles_in_front = [{'class': 'vehicle', 'state': 'dynamic', 'id': '297', 'location': [244.83889770507812, -107.61618041992188, -0.005399436689913273], 'rotation': [0.0002117358526447788, 0.00012541630712803453, -88.61654663085938], 'bbx_loc': [0.032143283635377884, -2.646446262133395e-07, 0.650469958782196], 'center': [244.8396759033203, -107.6483154296875, 0.6450706124305725], 'extent': [2.358762502670288, 0.947413444519043, 0.650469958782196], 'world_cord': [[245.84376525878906, -109.98351287841797, 1.2955472469329834], [245.84376525878906, -109.98351287841797, -0.005392674822360277], [243.94949340820312, -110.02925872802734, 1.2955514192581177], [243.94947814941406, -110.02926635742188, -0.005388527177274227], [245.7298583984375, -105.26736450195312, 1.2955297231674194], [245.7298583984375, -105.26736450195312, -0.005410108715295792], [243.83558654785156, -105.3131103515625, 1.2955338954925537], [243.83558654785156, -105.3131103515625, -0.005405961070209742]], 'semantic_tags': [14], 'type_id': 'vehicle.ford.mustang', 'color': '160,160,160', 'base_type': 'car', 'num_points': 57, 'distance': 20.169141528675393, 'speed': 8.05832618599673, 'brake': 0.0, 'light_state': '131', 'road_id': 65, 'lane_id': 2, 'section_id': 0, 'world2vehicle': [[0.02414345182478428, -0.9997085332870483, 3.6954877487005433e-06, -113.4960708618164], [0.9997085332870483, 0.02414345182478428, -2.1889275103603723e-06, -242.1693115234375], [2.0990676148358034e-06, 3.7472589156095637e-06, 1.0, 0.0052887690253555775], [0.0, 0.0, 0.0, 1.0]], 'position': (20.157359543894067, -0.6881109973962509, -0.04037589995625135), 'yaw': -1.6798021733729298, 'color_rgb': None, 'color_name': None, 'lane_type': carla.libcarla.LaneType.Driving, 'lane_type_str': 'Driving', 'is_in_junction': False, 'junction_id': -1, 'distance_to_junction': 125.34973907470703, 'next_junction_id': 498, 'next_road_ids': [519], 'next_next_road_ids': [0], 'same_road_as_ego': True, 'same_direction_as_ego': True, 'lane_relative_to_ego': -1, 'steer': 9.935794436974953e-05, 'vehicle_cuts_in': False}]
[debug] into second branch, scenario_name = HazardAtSideLane
[debug] in HazardAtSideLane, bicycles = []
[debug] current frame is 90
[debug] hazardous_actors = []
[debug] in branch in front, vehicles_in_front = [{'class': 'vehicle', 'state': 'dynamic', 'id': '260', 'location': [249.17518615722656, -106.4242172241211, 0.0019140433287248015], 'rotation': [-0.7421000003814697, -0.1255188137292862, -88.49324798583984], 'bbx_loc': [0.0, 7.629394360719743e-08, 0.8082212805747986], 'center': [249.17369079589844, -106.43473052978516, 0.8100656270980835], 'extent': [0.7546613812446594, 0.4329703152179718, 0.8061768412590027], 'world_cord': [[249.62486267089844, -107.18817901611328, 1.6073471307754517], [249.62783813476562, -107.16720581054688, -0.00486742565408349], [248.75921630859375, -107.21092224121094, 1.6054502725601196], [248.76220703125, -107.18995666503906, -0.006764295045286417], [249.58517456054688, -105.67950439453125, 1.626895546913147], [249.58816528320312, -105.65853118896484, 0.014680908061563969], [248.71954345703125, -105.7022476196289, 1.624998688697815], [248.72251892089844, -105.68128204345703, 0.012784038670361042]], 'semantic_tags': [19, 4], 'type_id': 'vehicle.bh.crossbike', 'color': '180,0,0', 'base_type': 'bicycle', 'num_points': 25, 'distance': 14.815247332115709, 'speed': 3.018261196546205, 'brake': 0.0, 'light_state': '3', 'road_id': 65, 'lane_id': 3, 'section_id': 0, 'world2vehicle': [[0.026292527094483376, -0.999570369720459, -0.012951726093888283, -112.92991638183594], [0.999652624130249, 0.026266304776072502, 0.002190530998632312, -246.2932586669922], [-0.0018493959214538336, -0.013004820793867111, 0.99991375207901, -0.9251182079315186], [0.0, 0.0, 0.0, 1.0]], 'position': (14.799436213829324, 0.6830455961362247, 0.04314621447389966), 'yaw': -1.5196343390933844, 'color_rgb': None, 'color_name': None, 'lane_type': carla.libcarla.LaneType.Driving, 'lane_type_str': 'Driving', 'is_in_junction': False, 'junction_id': -1, 'distance_to_junction': 131.10870361328125, 'next_junction_id': 498, 'next_road_ids': [526], 'next_next_road_ids': [0], 'same_road_as_ego': True, 'same_direction_as_ego': True, 'lane_relative_to_ego': 0, 'steer': -0.03178620766539675, 'vehicle_cuts_in': False}]
[debug] into second branch, scenario_name = HazardAtSideLane
[debug] in HazardAtSideLane, bicycles = [{'class': 'vehicle', 'state': 'dynamic', 'id': '260', 'location': [249.17518615722656, -106.4242172241211, 0.0019140433287248015], 'rotation': [-0.7421000003814697, -0.1255188137292862, -88.49324798583984], 'bbx_loc': [0.0, 7.629394360719743e-08, 0.8082212805747986], 'center': [249.17369079589844, -106.43473052978516, 0.8100656270980835], 'extent': [0.7546613812446594, 0.4329703152179718, 0.8061768412590027], 'world_cord': [[249.62486267089844, -107.18817901611328, 1.6073471307754517], [249.62783813476562, -107.16720581054688, -0.00486742565408349], [248.75921630859375, -107.21092224121094, 1.6054502725601196], [248.76220703125, -107.18995666503906, -0.006764295045286417], [249.58517456054688, -105.67950439453125, 1.626895546913147], [249.58816528320312, -105.65853118896484, 0.014680908061563969], [248.71954345703125, -105.7022476196289, 1.624998688697815], [248.72251892089844, -105.68128204345703, 0.012784038670361042]], 'semantic_tags': [19, 4], 'type_id': 'vehicle.bh.crossbike', 'color': '180,0,0', 'base_type': 'bicycle', 'num_points': 25, 'distance': 14.815247332115709, 'speed': 3.018261196546205, 'brake': 0.0, 'light_state': '3', 'road_id': 65, 'lane_id': 3, 'section_id': 0, 'world2vehicle': [[0.026292527094483376, -0.999570369720459, -0.012951726093888283, -112.92991638183594], [0.999652624130249, 0.026266304776072502, 0.002190530998632312, -246.2932586669922], [-0.0018493959214538336, -0.013004820793867111, 0.99991375207901, -0.9251182079315186], [0.0, 0.0, 0.0, 1.0]], 'position': (14.799436213829324, 0.6830455961362247, 0.04314621447389966), 'yaw': -1.5196343390933844, 'color_rgb': None, 'color_name': None, 'lane_type': carla.libcarla.LaneType.Driving, 'lane_type_str': 'Driving', 'is_in_junction': False, 'junction_id': -1, 'distance_to_junction': 131.10870361328125, 'next_junction_id': 498, 'next_road_ids': [526], 'next_next_road_ids': [0], 'same_road_as_ego': True, 'same_direction_as_ego': True, 'lane_relative_to_ego': 0, 'steer': -0.03178620766539675, 'vehicle_cuts_in': False}]
[debug] current frame is 95
[debug] hazardous_actors = []
[debug] in branch in front, vehicles_in_front = [{'class': 'vehicle', 'state': 'dynamic', 'id': '260', 'location': [249.20640563964844, -107.92826843261719, 0.002725219586864114], 'rotation': [0.06457943469285965, 0.03739374130964279, -88.76722717285156], 'bbx_loc': [0.0, 7.629394360719743e-08, 0.8082212805747986], 'center': [249.2069091796875, -107.9273452758789, 0.8109458088874817], 'extent': [0.7546613812446594, 0.4329703152179718, 0.8061768412590027], 'world_cord': [[249.65652465820312, -108.67160034179688, 1.6176899671554565], [249.655517578125, -108.6734390258789, 0.005337678361684084], [248.79078674316406, -108.69023132324219, 1.6182551383972168], [248.78977966308594, -108.69207000732422, 0.005902828648686409], [249.62405395507812, -107.16262817382812, 1.6159887313842773], [249.623046875, -107.16446685791016, 0.0036364851985126734], [248.75831604003906, -107.1812515258789, 1.6165539026260376], [248.75729370117188, -107.18309783935547, 0.004201635718345642]], 'semantic_tags': [19, 4], 'type_id': 'vehicle.bh.crossbike', 'color': '180,0,0', 'base_type': 'bicycle', 'num_points': 37, 'distance': 13.124747091152852, 'speed': 2.924477064255127, 'brake': 0.0, 'light_state': '3', 'road_id': 65, 'lane_id': 3, 'section_id': 0, 'world2vehicle': [[0.021514246240258217, -0.9997678995132446, 0.0011271234834566712, -113.26470947265625], [0.9997683167457581, 0.021513519808650017, -0.0006526434444822371, -246.82675170898438], [0.0006282435497269034, 0.0011409035651013255, 0.9999991059303284, -0.036151785403490067], [0.0, 0.0, 0.0, 1.0]], 'position': (13.1109605608181, 0.5957632860031481, 0.08173294395222935), 'yaw': -1.516846941538453, 'color_rgb': None, 'color_name': None, 'lane_type': carla.libcarla.LaneType.Driving, 'lane_type_str': 'Driving', 'is_in_junction': False, 'junction_id': -1, 'distance_to_junction': 130.29481506347656, 'next_junction_id': 498, 'next_road_ids': [526], 'next_next_road_ids': [0], 'same_road_as_ego': True, 'same_direction_as_ego': True, 'lane_relative_to_ego': 0, 'steer': 0.060457303304183176, 'vehicle_cuts_in': False}]
[debug] into second branch, scenario_name = HazardAtSideLane
[debug] in HazardAtSideLane, bicycles = [{'class': 'vehicle', 'state': 'dynamic', 'id': '260', 'location': [249.20640563964844, -107.92826843261719, 0.002725219586864114], 'rotation': [0.06457943469285965, 0.03739374130964279, -88.76722717285156], 'bbx_loc': [0.0, 7.629394360719743e-08, 0.8082212805747986], 'center': [249.2069091796875, -107.9273452758789, 0.8109458088874817], 'extent': [0.7546613812446594, 0.4329703152179718, 0.8061768412590027], 'world_cord': [[249.65652465820312, -108.67160034179688, 1.6176899671554565], [249.655517578125, -108.6734390258789, 0.005337678361684084], [248.79078674316406, -108.69023132324219, 1.6182551383972168], [248.78977966308594, -108.69207000732422, 0.005902828648686409], [249.62405395507812, -107.16262817382812, 1.6159887313842773], [249.623046875, -107.16446685791016, 0.0036364851985126734], [248.75831604003906, -107.1812515258789, 1.6165539026260376], [248.75729370117188, -107.18309783935547, 0.004201635718345642]], 'semantic_tags': [19, 4], 'type_id': 'vehicle.bh.crossbike', 'color': '180,0,0', 'base_type': 'bicycle', 'num_points': 37, 'distance': 13.124747091152852, 'speed': 2.924477064255127, 'brake': 0.0, 'light_state': '3', 'road_id': 65, 'lane_id': 3, 'section_id': 0, 'world2vehicle': [[0.021514246240258217, -0.9997678995132446, 0.0011271234834566712, -113.26470947265625], [0.9997683167457581, 0.021513519808650017, -0.0006526434444822371, -246.82675170898438], [0.0006282435497269034, 0.0011409035651013255, 0.9999991059303284, -0.036151785403490067], [0.0, 0.0, 0.0, 1.0]], 'position': (13.1109605608181, 0.5957632860031481, 0.08173294395222935), 'yaw': -1.516846941538453, 'color_rgb': None, 'color_name': None, 'lane_type': carla.libcarla.LaneType.Driving, 'lane_type_str': 'Driving', 'is_in_junction': False, 'junction_id': -1, 'distance_to_junction': 130.29481506347656, 'next_junction_id': 498, 'next_road_ids': [526], 'next_next_road_ids': [0], 'same_road_as_ego': True, 'same_direction_as_ego': True, 'lane_relative_to_ego': 0, 'steer': 0.060457303304183176, 'vehicle_cuts_in': False}]
[debug] current frame is 100
[debug] hazardous_actors = []
