[debug] res = (False, [])
[debug] current frame if 0
[debug] hazardous_actors = []
[debug] combined_actors = []
[debug] finally, hazardous_actors = []
[debug] speed limit is 10000
[debug] res = (False, [])
[debug] current frame if 5
[debug] hazardous_actors = []
[debug] combined_actors = []
[debug] finally, hazardous_actors = []
[debug] speed limit is 10000
[debug] res = (False, [])
[debug] current frame if 10
[debug] hazardous_actors = []
[debug] combined_actors = []
[debug] finally, hazardous_actors = []
[debug] speed limit is 10000
[debug] res = (False, [])
[debug] current frame if 15
[debug] hazardous_actors = []
[debug] combined_actors = []
[debug] finally, hazardous_actors = []
[debug] speed limit is 10000
[debug] res = (True, {'class': 'vehicle', 'state': 'dynamic', 'id': '45718', 'location': [2459.382080078125, 2541.19921875, 366.9619140625], 'rotation': [-0.039580944925546646, -0.0013427743688225746, 90.02042388916016], 'bbx_loc': [7.84186995588243e-05, 0.0018053140956908464, 0.7014849185943604], 'center': [2459.38037109375, 2541.19970703125, 367.66339111328125], 'extent': [2.6787397861480713, 1.0166014432907104, 0.7053293585777283], 'world_cord': [[2458.36279296875, 2543.878662109375, 368.3669128417969], [2458.36279296875, 2543.877685546875, 366.95623779296875], [2460.39599609375, 2543.87939453125, 368.3668518066406], [2460.39599609375, 2543.87841796875, 366.9562072753906], [2458.36474609375, 2538.521240234375, 368.37060546875], [2458.36474609375, 2538.520263671875, 366.9599304199219], [2460.39794921875, 2538.52197265625, 368.37054443359375], [2460.39794921875, 2538.52099609375, 366.95989990234375]], 'semantic_tags': [14], 'type_id': 'vehicle.chevrolet.impala', 'color': '0,12,49', 'base_type': 'car', 'num_points': 302, 'distance': 9.625479998943238, 'speed': 3.330798694003615, 'brake': 0.0, 'light_state': '3', 'road_id': 741, 'lane_id': -1, 'section_id': 0, 'world2vehicle': [[-0.0003564794023986906, 0.9999997019767761, -0.0006908177747391164, -2540.068359375], [-0.9999999403953552, -0.000356463307980448, 2.3435828552464955e-05, 2460.279052734375], [2.318957012903411e-05, 0.0006908260984346271, 0.9999997615814209, -368.7743835449219], [0.0, 0.0, 0.0, 1.0]], 'position': (9.625412129374126, 0.02791081858867983, -0.059177032388140205), 'yaw': 1.5608805791082045, 'color_rgb': None, 'color_name': None, 'lane_type': carla.libcarla.LaneType.Driving, 'lane_type_str': 'Driving', 'is_in_junction': False, 'junction_id': -1, 'distance_to_junction': 91.81684112548828, 'next_junction_id': 18563, 'next_road_ids': [18564], 'next_next_road_ids': [1045], 'same_road_as_ego': True, 'same_direction_as_ego': True, 'lane_relative_to_ego': 0, 'steer': -0.004271135440102385, 'vehicle_cuts_in': False})
[debug] current frame if 20
[debug] hazardous_actors = []
[debug] combined_actors = [{'class': 'vehicle', 'state': 'dynamic', 'id': '45718', 'location': [2459.382080078125, 2541.19921875, 366.9619140625], 'rotation': [-0.039580944925546646, -0.0013427743688225746, 90.02042388916016], 'bbx_loc': [7.84186995588243e-05, 0.0018053140956908464, 0.7014849185943604], 'center': [2459.38037109375, 2541.19970703125, 367.66339111328125], 'extent': [2.6787397861480713, 1.0166014432907104, 0.7053293585777283], 'world_cord': [[2458.36279296875, 2543.878662109375, 368.3669128417969], [2458.36279296875, 2543.877685546875, 366.95623779296875], [2460.39599609375, 2543.87939453125, 368.3668518066406], [2460.39599609375, 2543.87841796875, 366.9562072753906], [2458.36474609375, 2538.521240234375, 368.37060546875], [2458.36474609375, 2538.520263671875, 366.9599304199219], [2460.39794921875, 2538.52197265625, 368.37054443359375], [2460.39794921875, 2538.52099609375, 366.95989990234375]], 'semantic_tags': [14], 'type_id': 'vehicle.chevrolet.impala', 'color': '0,12,49', 'base_type': 'car', 'num_points': 302, 'distance': 9.625479998943238, 'speed': 3.330798694003615, 'brake': 0.0, 'light_state': '3', 'road_id': 741, 'lane_id': -1, 'section_id': 0, 'world2vehicle': [[-0.0003564794023986906, 0.9999997019767761, -0.0006908177747391164, -2540.068359375], [-0.9999999403953552, -0.000356463307980448, 2.3435828552464955e-05, 2460.279052734375], [2.318957012903411e-05, 0.0006908260984346271, 0.9999997615814209, -368.7743835449219], [0.0, 0.0, 0.0, 1.0]], 'position': (9.625412129374126, 0.02791081858867983, -0.059177032388140205), 'yaw': 1.5608805791082045, 'color_rgb': None, 'color_name': None, 'lane_type': carla.libcarla.LaneType.Driving, 'lane_type_str': 'Driving', 'is_in_junction': False, 'junction_id': -1, 'distance_to_junction': 91.81684112548828, 'next_junction_id': 18563, 'next_road_ids': [18564], 'next_next_road_ids': [1045], 'same_road_as_ego': True, 'same_direction_as_ego': True, 'lane_relative_to_ego': 0, 'steer': -0.004271135440102385, 'vehicle_cuts_in': False}]
[debug] finally, hazardous_actors = [{'class': 'vehicle', 'state': 'dynamic', 'id': '45718', 'location': [2459.382080078125, 2541.19921875, 366.9619140625], 'rotation': [-0.039580944925546646, -0.0013427743688225746, 90.02042388916016], 'bbx_loc': [7.84186995588243e-05, 0.0018053140956908464, 0.7014849185943604], 'center': [2459.38037109375, 2541.19970703125, 367.66339111328125], 'extent': [2.6787397861480713, 1.0166014432907104, 0.7053293585777283], 'world_cord': [[2458.36279296875, 2543.878662109375, 368.3669128417969], [2458.36279296875, 2543.877685546875, 366.95623779296875], [2460.39599609375, 2543.87939453125, 368.3668518066406], [2460.39599609375, 2543.87841796875, 366.9562072753906], [2458.36474609375, 2538.521240234375, 368.37060546875], [2458.36474609375, 2538.520263671875, 366.9599304199219], [2460.39794921875, 2538.52197265625, 368.37054443359375], [2460.39794921875, 2538.52099609375, 366.95989990234375]], 'semantic_tags': [14], 'type_id': 'vehicle.chevrolet.impala', 'color': '0,12,49', 'base_type': 'car', 'num_points': 302, 'distance': 9.625479998943238, 'speed': 3.330798694003615, 'brake': 0.0, 'light_state': '3', 'road_id': 741, 'lane_id': -1, 'section_id': 0, 'world2vehicle': [[-0.0003564794023986906, 0.9999997019767761, -0.0006908177747391164, -2540.068359375], [-0.9999999403953552, -0.000356463307980448, 2.3435828552464955e-05, 2460.279052734375], [2.318957012903411e-05, 0.0006908260984346271, 0.9999997615814209, -368.7743835449219], [0.0, 0.0, 0.0, 1.0]], 'position': (9.625412129374126, 0.02791081858867983, -0.059177032388140205), 'yaw': 1.5608805791082045, 'color_rgb': None, 'color_name': None, 'lane_type': carla.libcarla.LaneType.Driving, 'lane_type_str': 'Driving', 'is_in_junction': False, 'junction_id': -1, 'distance_to_junction': 91.81684112548828, 'next_junction_id': 18563, 'next_road_ids': [18564], 'next_next_road_ids': [1045], 'same_road_as_ego': True, 'same_direction_as_ego': True, 'lane_relative_to_ego': 0, 'steer': -0.004271135440102385, 'vehicle_cuts_in': False}]
[debug] into second branch, scenario_name = AccidentTwoWays_Town12_Route1102_Weather10
[debug] speed limit is 10000
[debug] res = (True, {'class': 'vehicle', 'state': 'dynamic', 'id': '45718', 'location': [2459.381591796875, 2543.279296875, 366.9588317871094], 'rotation': [-0.07119788974523544, 0.0007004017243161798, 89.96952056884766], 'bbx_loc': [7.84186995588243e-05, 0.0018053140956908464, 0.7014849185943604], 'center': [2459.3798828125, 2543.2802734375, 367.6603088378906], 'extent': [2.6787397861480713, 1.0166014432907104, 0.7053293585777283], 'world_cord': [[2458.364501953125, 2545.96044921875, 368.3623046875], [2458.364501953125, 2545.958740234375, 366.95166015625], [2460.397705078125, 2545.959228515625, 368.3623352050781], [2460.397705078125, 2545.95751953125, 366.95166015625], [2458.36181640625, 2540.60302734375, 368.36895751953125], [2458.36181640625, 2540.60107421875, 366.95831298828125], [2460.39501953125, 2540.601806640625, 368.3689880371094], [2460.39501953125, 2540.60009765625, 366.9583435058594]], 'semantic_tags': [14], 'type_id': 'vehicle.chevrolet.impala', 'color': '0,12,49', 'base_type': 'car', 'num_points': 499, 'distance': 7.918759976917416, 'speed': 5.0750475779534625, 'brake': 0.0, 'light_state': '3', 'road_id': 741, 'lane_id': -1, 'section_id': 0, 'world2vehicle': [[0.0005319869378581643, 0.9999991059303284, -0.0012426372850313783, -2544.12939453125], [-0.9999998807907104, 0.0005319721531122923, -1.2224307283759117e-05, 2458.03271484375], [-1.1563247426238377e-05, 0.0012426436878740788, 0.9999992251396179, -370.09051513671875], [0.0, 0.0, 0.0, 1.0]], 'position': (7.918770647418114, 0.048345936033001635, -0.012360851622587488), 'yaw': 1.560861936980574, 'color_rgb': None, 'color_name': None, 'lane_type': carla.libcarla.LaneType.Driving, 'lane_type_str': 'Driving', 'is_in_junction': False, 'junction_id': -1, 'distance_to_junction': 89.80595397949219, 'next_junction_id': 18563, 'next_road_ids': [18564], 'next_next_road_ids': [1045], 'same_road_as_ego': True, 'same_direction_as_ego': True, 'lane_relative_to_ego': 0, 'steer': -0.0013080482758642716, 'vehicle_cuts_in': False})
[debug] current frame if 25
[debug] hazardous_actors = []
[debug] combined_actors = []
[debug] finally, hazardous_actors = []
[debug] speed limit is 10000
[debug] res = (False, [])
[debug] current frame if 30
[debug] hazardous_actors = []
[debug] combined_actors = []
[debug] finally, hazardous_actors = []
[debug] speed limit is 10000
[debug] res = (False, [])
[debug] current frame if 35
[debug] hazardous_actors = []
[debug] combined_actors = []
[debug] finally, hazardous_actors = []
[debug] speed limit is 10000
[debug] res = (False, [])
[debug] current frame if 40
[debug] hazardous_actors = []
[debug] combined_actors = []
[debug] finally, hazardous_actors = []
[debug] speed limit is 10000
[debug] res = (False, [])
[debug] current frame if 45
[debug] hazardous_actors = []
[debug] combined_actors = []
[debug] finally, hazardous_actors = []
[debug] speed limit is 10000
[debug] res = (False, [])
[debug] current frame if 50
[debug] hazardous_actors = []
[debug] combined_actors = []
[debug] finally, hazardous_actors = []
[debug] speed limit is 10000
[debug] res = (False, [])
[debug] current frame if 55
[debug] static object in hazard: {'class': 'vehicle', 'state': 'dynamic', 'id': '45680', 'location': [2458.928466796875, 2577.90576171875, 366.8361511230469], 'rotation': [-0.3791164457798004, 0.0014685493661090732, 89.455322265625], 'bbx_loc': [0.10949574410915375, -5.149840944795869e-07, 0.8173970580101013], 'center': [2458.929443359375, 2578.020751953125, 367.6528015136719], 'extent': [2.6187572479248047, 0.9648797512054443, 0.819191575050354], 'world_cord': [[2457.98974609375, 2580.65380859375, 368.4546203613281], [2457.989501953125, 2580.64306640625, 366.8162841796875], [2459.919189453125, 2580.635498046875, 368.4546813964844], [2459.919189453125, 2580.624755859375, 366.8163146972656], [2457.93994140625, 2575.416748046875, 368.4892883300781], [2457.939697265625, 2575.40576171875, 366.8509216308594], [2459.86962890625, 2575.3984375, 368.48931884765625], [2459.869384765625, 2575.387451171875, 366.8509826660156]], 'semantic_tags': [14], 'type_id': 'vehicle.dodge.charger_police_2020', 'color': '0,0,0', 'base_type': 'car', 'num_points': 64, 'distance': 19.427938275960855, 'speed': 0.0, 'brake': 0.0, 'light_state': '1539', 'road_id': 741, 'lane_id': -1, 'section_id': 0, 'world2vehicle': [[0.009506069123744965, 0.9999329447746277, -0.006616781931370497, -2598.680419921875], [-0.9999548196792603, 0.009506107307970524, -2.5630461095715873e-05, 2434.321044921875], [3.7271096516633406e-05, 0.006616726517677307, 0.9999781250953674, -383.9770812988281], [0.0, 0.0, 0.0, 1.0]]}
[debug] hazardous_actors = []
[debug] combined_actors = []
[debug] finally, hazardous_actors = []
[debug] speed limit is 10000
[debug] res = (False, [])
[debug] current frame if 60
[debug] static object in hazard: {'class': 'vehicle', 'state': 'dynamic', 'id': '45680', 'location': [2458.928466796875, 2577.90576171875, 366.8361511230469], 'rotation': [-0.3791164457798004, 0.0014685493661090732, 89.455322265625], 'bbx_loc': [0.10949574410915375, -5.149840944795869e-07, 0.8173970580101013], 'center': [2458.929443359375, 2578.020751953125, 367.6528015136719], 'extent': [2.6187572479248047, 0.9648797512054443, 0.819191575050354], 'world_cord': [[2457.98974609375, 2580.65380859375, 368.4546203613281], [2457.989501953125, 2580.64306640625, 366.8162841796875], [2459.919189453125, 2580.635498046875, 368.4546813964844], [2459.919189453125, 2580.624755859375, 366.8163146972656], [2457.93994140625, 2575.416748046875, 368.4892883300781], [2457.939697265625, 2575.40576171875, 366.8509216308594], [2459.86962890625, 2575.3984375, 368.48931884765625], [2459.869384765625, 2575.387451171875, 366.8509826660156]], 'semantic_tags': [14], 'type_id': 'vehicle.dodge.charger_police_2020', 'color': '0,0,0', 'base_type': 'car', 'num_points': 104, 'distance': 15.837435464719997, 'speed': 0.0, 'brake': 0.0, 'light_state': '1539', 'road_id': 741, 'lane_id': -1, 'section_id': 0, 'world2vehicle': [[0.009506069123744965, 0.9999329447746277, -0.006616781931370497, -2598.680419921875], [-0.9999548196792603, 0.009506107307970524, -2.5630461095715873e-05, 2434.321044921875], [3.7271096516633406e-05, 0.006616726517677307, 0.9999781250953674, -383.9770812988281], [0.0, 0.0, 0.0, 1.0]]}
[debug] static object in hazard: {'class': 'vehicle', 'state': 'dynamic', 'id': '45680', 'location': [2458.928466796875, 2577.90576171875, 366.8361511230469], 'rotation': [-0.3791164457798004, 0.0014685493661090732, 89.455322265625], 'bbx_loc': [0.10949574410915375, -5.149840944795869e-07, 0.8173970580101013], 'center': [2458.929443359375, 2578.020751953125, 367.6528015136719], 'extent': [2.6187572479248047, 0.9648797512054443, 0.819191575050354], 'world_cord': [[2457.98974609375, 2580.65380859375, 368.4546203613281], [2457.989501953125, 2580.64306640625, 366.8162841796875], [2459.919189453125, 2580.635498046875, 368.4546813964844], [2459.919189453125, 2580.624755859375, 366.8163146972656], [2457.93994140625, 2575.416748046875, 368.4892883300781], [2457.939697265625, 2575.40576171875, 366.8509216308594], [2459.86962890625, 2575.3984375, 368.48931884765625], [2459.869384765625, 2575.387451171875, 366.8509826660156]], 'semantic_tags': [14], 'type_id': 'vehicle.dodge.charger_police_2020', 'color': '0,0,0', 'base_type': 'car', 'num_points': 104, 'distance': 15.837435464719997, 'speed': 0.0, 'brake': 0.0, 'light_state': '1539', 'road_id': 741, 'lane_id': -1, 'section_id': 0, 'world2vehicle': [[0.009506069123744965, 0.9999329447746277, -0.006616781931370497, -2598.680419921875], [-0.9999548196792603, 0.009506107307970524, -2.5630461095715873e-05, 2434.321044921875], [3.7271096516633406e-05, 0.006616726517677307, 0.9999781250953674, -383.9770812988281], [0.0, 0.0, 0.0, 1.0]]}
[debug] hazardous_actors = [{'class': 'vehicle', 'state': 'dynamic', 'id': '45680', 'location': [2458.928466796875, 2577.90576171875, 366.8361511230469], 'rotation': [-0.3791164457798004, 0.0014685493661090732, 89.455322265625], 'bbx_loc': [0.10949574410915375, -5.149840944795869e-07, 0.8173970580101013], 'center': [2458.929443359375, 2578.020751953125, 367.6528015136719], 'extent': [2.6187572479248047, 0.9648797512054443, 0.819191575050354], 'world_cord': [[2457.98974609375, 2580.65380859375, 368.4546203613281], [2457.989501953125, 2580.64306640625, 366.8162841796875], [2459.919189453125, 2580.635498046875, 368.4546813964844], [2459.919189453125, 2580.624755859375, 366.8163146972656], [2457.93994140625, 2575.416748046875, 368.4892883300781], [2457.939697265625, 2575.40576171875, 366.8509216308594], [2459.86962890625, 2575.3984375, 368.48931884765625], [2459.869384765625, 2575.387451171875, 366.8509826660156]], 'semantic_tags': [14], 'type_id': 'vehicle.dodge.charger_police_2020', 'color': '0,0,0', 'base_type': 'car', 'num_points': 104, 'distance': 15.837435464719997, 'speed': 0.0, 'brake': 0.0, 'light_state': '1539', 'road_id': 741, 'lane_id': -1, 'section_id': 0, 'world2vehicle': [[0.009506069123744965, 0.9999329447746277, -0.006616781931370497, -2598.680419921875], [-0.9999548196792603, 0.009506107307970524, -2.5630461095715873e-05, 2434.321044921875], [3.7271096516633406e-05, 0.006616726517677307, 0.9999781250953674, -383.9770812988281], [0.0, 0.0, 0.0, 1.0]]}]
[debug] combined_actors = [{'class': 'vehicle', 'state': 'dynamic', 'id': '45680', 'location': [2458.928466796875, 2577.90576171875, 366.8361511230469], 'rotation': [-0.3791164457798004, 0.0014685493661090732, 89.455322265625], 'bbx_loc': [0.10949574410915375, -5.149840944795869e-07, 0.8173970580101013], 'center': [2458.929443359375, 2578.020751953125, 367.6528015136719], 'extent': [2.6187572479248047, 0.9648797512054443, 0.819191575050354], 'world_cord': [[2457.98974609375, 2580.65380859375, 368.4546203613281], [2457.989501953125, 2580.64306640625, 366.8162841796875], [2459.919189453125, 2580.635498046875, 368.4546813964844], [2459.919189453125, 2580.624755859375, 366.8163146972656], [2457.93994140625, 2575.416748046875, 368.4892883300781], [2457.939697265625, 2575.40576171875, 366.8509216308594], [2459.86962890625, 2575.3984375, 368.48931884765625], [2459.869384765625, 2575.387451171875, 366.8509826660156]], 'semantic_tags': [14], 'type_id': 'vehicle.dodge.charger_police_2020', 'color': '0,0,0', 'base_type': 'car', 'num_points': 104, 'distance': 15.837435464719997, 'speed': 0.0, 'brake': 0.0, 'light_state': '1539', 'road_id': 741, 'lane_id': -1, 'section_id': 0, 'world2vehicle': [[0.009506069123744965, 0.9999329447746277, -0.006616781931370497, -2598.680419921875], [-0.9999548196792603, 0.009506107307970524, -2.5630461095715873e-05, 2434.321044921875], [3.7271096516633406e-05, 0.006616726517677307, 0.9999781250953674, -383.9770812988281], [0.0, 0.0, 0.0, 1.0]], 'position': (15.817729688996678, 0.7906432085410415, -0.026337772389535274), 'yaw': 1.5620815316017758, 'color_rgb': None, 'color_name': None, 'lane_type': carla.libcarla.LaneType.Shoulder, 'lane_type_str': 'Shoulder', 'is_in_junction': False, 'junction_id': -1, 'distance_to_junction': None, 'next_junction_id': -1, 'next_road_ids': [741], 'next_next_road_ids': [], 'same_road_as_ego': True, 'same_direction_as_ego': True, 'lane_relative_to_ego': 1, 'steer': 0.0, 'vehicle_cuts_in': False}]
[debug] finally, hazardous_actors = [{'class': 'vehicle', 'state': 'dynamic', 'id': '45680', 'location': [2458.928466796875, 2577.90576171875, 366.8361511230469], 'rotation': [-0.3791164457798004, 0.0014685493661090732, 89.455322265625], 'bbx_loc': [0.10949574410915375, -5.149840944795869e-07, 0.8173970580101013], 'center': [2458.929443359375, 2578.020751953125, 367.6528015136719], 'extent': [2.6187572479248047, 0.9648797512054443, 0.819191575050354], 'world_cord': [[2457.98974609375, 2580.65380859375, 368.4546203613281], [2457.989501953125, 2580.64306640625, 366.8162841796875], [2459.919189453125, 2580.635498046875, 368.4546813964844], [2459.919189453125, 2580.624755859375, 366.8163146972656], [2457.93994140625, 2575.416748046875, 368.4892883300781], [2457.939697265625, 2575.40576171875, 366.8509216308594], [2459.86962890625, 2575.3984375, 368.48931884765625], [2459.869384765625, 2575.387451171875, 366.8509826660156]], 'semantic_tags': [14], 'type_id': 'vehicle.dodge.charger_police_2020', 'color': '0,0,0', 'base_type': 'car', 'num_points': 104, 'distance': 15.837435464719997, 'speed': 0.0, 'brake': 0.0, 'light_state': '1539', 'road_id': 741, 'lane_id': -1, 'section_id': 0, 'world2vehicle': [[0.009506069123744965, 0.9999329447746277, -0.006616781931370497, -2598.680419921875], [-0.9999548196792603, 0.009506107307970524, -2.5630461095715873e-05, 2434.321044921875], [3.7271096516633406e-05, 0.006616726517677307, 0.9999781250953674, -383.9770812988281], [0.0, 0.0, 0.0, 1.0]], 'position': (15.817729688996678, 0.7906432085410415, -0.026337772389535274), 'yaw': 1.5620815316017758, 'color_rgb': None, 'color_name': None, 'lane_type': carla.libcarla.LaneType.Shoulder, 'lane_type_str': 'Shoulder', 'is_in_junction': False, 'junction_id': -1, 'distance_to_junction': None, 'next_junction_id': -1, 'next_road_ids': [741], 'next_next_road_ids': [], 'same_road_as_ego': True, 'same_direction_as_ego': True, 'lane_relative_to_ego': 1, 'steer': 0.0, 'vehicle_cuts_in': False}]
[debug] into second branch, scenario_name = AccidentTwoWays_Town12_Route1102_Weather10
[debug] speed limit is 10000
[debug] res = (False, [])
[debug] current frame if 65
[debug] static object in hazard: {'class': 'vehicle', 'state': 'dynamic', 'id': '45680', 'location': [2458.928466796875, 2577.90576171875, 366.8361511230469], 'rotation': [-0.3791164457798004, 0.0014685493661090732, 89.455322265625], 'bbx_loc': [0.10949574410915375, -5.149840944795869e-07, 0.8173970580101013], 'center': [2458.929443359375, 2578.020751953125, 367.6528015136719], 'extent': [2.6187572479248047, 0.9648797512054443, 0.819191575050354], 'world_cord': [[2457.98974609375, 2580.65380859375, 368.4546203613281], [2457.989501953125, 2580.64306640625, 366.8162841796875], [2459.919189453125, 2580.635498046875, 368.4546813964844], [2459.919189453125, 2580.624755859375, 366.8163146972656], [2457.93994140625, 2575.416748046875, 368.4892883300781], [2457.939697265625, 2575.40576171875, 366.8509216308594], [2459.86962890625, 2575.3984375, 368.48931884765625], [2459.869384765625, 2575.387451171875, 366.8509826660156]], 'semantic_tags': [14], 'type_id': 'vehicle.dodge.charger_police_2020', 'color': '0,0,0', 'base_type': 'car', 'num_points': 203, 'distance': 12.026634879313852, 'speed': 0.0, 'brake': 0.0, 'light_state': '1539', 'road_id': 741, 'lane_id': -1, 'section_id': 0, 'world2vehicle': [[0.009506069123744965, 0.9999329447746277, -0.006616781931370497, -2598.680419921875], [-0.9999548196792603, 0.009506107307970524, -2.5630461095715873e-05, 2434.321044921875], [3.7271096516633406e-05, 0.006616726517677307, 0.9999781250953674, -383.9770812988281], [0.0, 0.0, 0.0, 1.0]]}
[debug] static object in hazard: {'class': 'vehicle', 'state': 'dynamic', 'id': '45680', 'location': [2458.928466796875, 2577.90576171875, 366.8361511230469], 'rotation': [-0.3791164457798004, 0.0014685493661090732, 89.455322265625], 'bbx_loc': [0.10949574410915375, -5.149840944795869e-07, 0.8173970580101013], 'center': [2458.929443359375, 2578.020751953125, 367.6528015136719], 'extent': [2.6187572479248047, 0.9648797512054443, 0.819191575050354], 'world_cord': [[2457.98974609375, 2580.65380859375, 368.4546203613281], [2457.989501953125, 2580.64306640625, 366.8162841796875], [2459.919189453125, 2580.635498046875, 368.4546813964844], [2459.919189453125, 2580.624755859375, 366.8163146972656], [2457.93994140625, 2575.416748046875, 368.4892883300781], [2457.939697265625, 2575.40576171875, 366.8509216308594], [2459.86962890625, 2575.3984375, 368.48931884765625], [2459.869384765625, 2575.387451171875, 366.8509826660156]], 'semantic_tags': [14], 'type_id': 'vehicle.dodge.charger_police_2020', 'color': '0,0,0', 'base_type': 'car', 'num_points': 203, 'distance': 12.026634879313852, 'speed': 0.0, 'brake': 0.0, 'light_state': '1539', 'road_id': 741, 'lane_id': -1, 'section_id': 0, 'world2vehicle': [[0.009506069123744965, 0.9999329447746277, -0.006616781931370497, -2598.680419921875], [-0.9999548196792603, 0.009506107307970524, -2.5630461095715873e-05, 2434.321044921875], [3.7271096516633406e-05, 0.006616726517677307, 0.9999781250953674, -383.9770812988281], [0.0, 0.0, 0.0, 1.0]]}
[debug] hazardous_actors = [{'class': 'vehicle', 'state': 'dynamic', 'id': '45680', 'location': [2458.928466796875, 2577.90576171875, 366.8361511230469], 'rotation': [-0.3791164457798004, 0.0014685493661090732, 89.455322265625], 'bbx_loc': [0.10949574410915375, -5.149840944795869e-07, 0.8173970580101013], 'center': [2458.929443359375, 2578.020751953125, 367.6528015136719], 'extent': [2.6187572479248047, 0.9648797512054443, 0.819191575050354], 'world_cord': [[2457.98974609375, 2580.65380859375, 368.4546203613281], [2457.989501953125, 2580.64306640625, 366.8162841796875], [2459.919189453125, 2580.635498046875, 368.4546813964844], [2459.919189453125, 2580.624755859375, 366.8163146972656], [2457.93994140625, 2575.416748046875, 368.4892883300781], [2457.939697265625, 2575.40576171875, 366.8509216308594], [2459.86962890625, 2575.3984375, 368.48931884765625], [2459.869384765625, 2575.387451171875, 366.8509826660156]], 'semantic_tags': [14], 'type_id': 'vehicle.dodge.charger_police_2020', 'color': '0,0,0', 'base_type': 'car', 'num_points': 203, 'distance': 12.026634879313852, 'speed': 0.0, 'brake': 0.0, 'light_state': '1539', 'road_id': 741, 'lane_id': -1, 'section_id': 0, 'world2vehicle': [[0.009506069123744965, 0.9999329447746277, -0.006616781931370497, -2598.680419921875], [-0.9999548196792603, 0.009506107307970524, -2.5630461095715873e-05, 2434.321044921875], [3.7271096516633406e-05, 0.006616726517677307, 0.9999781250953674, -383.9770812988281], [0.0, 0.0, 0.0, 1.0]]}]
[debug] combined_actors = [{'class': 'vehicle', 'state': 'dynamic', 'id': '45680', 'location': [2458.928466796875, 2577.90576171875, 366.8361511230469], 'rotation': [-0.3791164457798004, 0.0014685493661090732, 89.455322265625], 'bbx_loc': [0.10949574410915375, -5.149840944795869e-07, 0.8173970580101013], 'center': [2458.929443359375, 2578.020751953125, 367.6528015136719], 'extent': [2.6187572479248047, 0.9648797512054443, 0.819191575050354], 'world_cord': [[2457.98974609375, 2580.65380859375, 368.4546203613281], [2457.989501953125, 2580.64306640625, 366.8162841796875], [2459.919189453125, 2580.635498046875, 368.4546813964844], [2459.919189453125, 2580.624755859375, 366.8163146972656], [2457.93994140625, 2575.416748046875, 368.4892883300781], [2457.939697265625, 2575.40576171875, 366.8509216308594], [2459.86962890625, 2575.3984375, 368.48931884765625], [2459.869384765625, 2575.387451171875, 366.8509826660156]], 'semantic_tags': [14], 'type_id': 'vehicle.dodge.charger_police_2020', 'color': '0,0,0', 'base_type': 'car', 'num_points': 203, 'distance': 12.026634879313852, 'speed': 0.0, 'brake': 0.0, 'light_state': '1539', 'road_id': 741, 'lane_id': -1, 'section_id': 0, 'world2vehicle': [[0.009506069123744965, 0.9999329447746277, -0.006616781931370497, -2598.680419921875], [-0.9999548196792603, 0.009506107307970524, -2.5630461095715873e-05, 2434.321044921875], [3.7271096516633406e-05, 0.006616726517677307, 0.9999781250953674, -383.9770812988281], [0.0, 0.0, 0.0, 1.0]], 'position': (12.000981319213679, 0.7903541973059873, -0.01251370946278385), 'yaw': 1.5620469105076047, 'color_rgb': None, 'color_name': None, 'lane_type': carla.libcarla.LaneType.Shoulder, 'lane_type_str': 'Shoulder', 'is_in_junction': False, 'junction_id': -1, 'distance_to_junction': None, 'next_junction_id': -1, 'next_road_ids': [741], 'next_next_road_ids': [], 'same_road_as_ego': True, 'same_direction_as_ego': True, 'lane_relative_to_ego': 1, 'steer': 0.0, 'vehicle_cuts_in': False}]
[debug] finally, hazardous_actors = [{'class': 'vehicle', 'state': 'dynamic', 'id': '45680', 'location': [2458.928466796875, 2577.90576171875, 366.8361511230469], 'rotation': [-0.3791164457798004, 0.0014685493661090732, 89.455322265625], 'bbx_loc': [0.10949574410915375, -5.149840944795869e-07, 0.8173970580101013], 'center': [2458.929443359375, 2578.020751953125, 367.6528015136719], 'extent': [2.6187572479248047, 0.9648797512054443, 0.819191575050354], 'world_cord': [[2457.98974609375, 2580.65380859375, 368.4546203613281], [2457.989501953125, 2580.64306640625, 366.8162841796875], [2459.919189453125, 2580.635498046875, 368.4546813964844], [2459.919189453125, 2580.624755859375, 366.8163146972656], [2457.93994140625, 2575.416748046875, 368.4892883300781], [2457.939697265625, 2575.40576171875, 366.8509216308594], [2459.86962890625, 2575.3984375, 368.48931884765625], [2459.869384765625, 2575.387451171875, 366.8509826660156]], 'semantic_tags': [14], 'type_id': 'vehicle.dodge.charger_police_2020', 'color': '0,0,0', 'base_type': 'car', 'num_points': 203, 'distance': 12.026634879313852, 'speed': 0.0, 'brake': 0.0, 'light_state': '1539', 'road_id': 741, 'lane_id': -1, 'section_id': 0, 'world2vehicle': [[0.009506069123744965, 0.9999329447746277, -0.006616781931370497, -2598.680419921875], [-0.9999548196792603, 0.009506107307970524, -2.5630461095715873e-05, 2434.321044921875], [3.7271096516633406e-05, 0.006616726517677307, 0.9999781250953674, -383.9770812988281], [0.0, 0.0, 0.0, 1.0]], 'position': (12.000981319213679, 0.7903541973059873, -0.01251370946278385), 'yaw': 1.5620469105076047, 'color_rgb': None, 'color_name': None, 'lane_type': carla.libcarla.LaneType.Shoulder, 'lane_type_str': 'Shoulder', 'is_in_junction': False, 'junction_id': -1, 'distance_to_junction': None, 'next_junction_id': -1, 'next_road_ids': [741], 'next_next_road_ids': [], 'same_road_as_ego': True, 'same_direction_as_ego': True, 'lane_relative_to_ego': 1, 'steer': 0.0, 'vehicle_cuts_in': False}]
[debug] into second branch, scenario_name = AccidentTwoWays_Town12_Route1102_Weather10
[debug] speed limit is 10000
[debug] res = (True, {'class': 'vehicle', 'state': 'dynamic', 'id': '45680', 'location': [2458.928466796875, 2577.90576171875, 366.8361511230469], 'rotation': [-0.3791164457798004, 0.0014685493661090732, 89.455322265625], 'bbx_loc': [0.10949574410915375, -5.149840944795869e-07, 0.8173970580101013], 'center': [2458.929443359375, 2578.020751953125, 367.6528015136719], 'extent': [2.6187572479248047, 0.9648797512054443, 0.819191575050354], 'world_cord': [[2457.98974609375, 2580.65380859375, 368.4546203613281], [2457.989501953125, 2580.64306640625, 366.8162841796875], [2459.919189453125, 2580.635498046875, 368.4546813964844], [2459.919189453125, 2580.624755859375, 366.8163146972656], [2457.93994140625, 2575.416748046875, 368.4892883300781], [2457.939697265625, 2575.40576171875, 366.8509216308594], [2459.86962890625, 2575.3984375, 368.48931884765625], [2459.869384765625, 2575.387451171875, 366.8509826660156]], 'semantic_tags': [14], 'type_id': 'vehicle.dodge.charger_police_2020', 'color': '0,0,0', 'base_type': 'car', 'num_points': 514, 'distance': 8.241055704664785, 'speed': 0.0, 'brake': 0.0, 'light_state': '1539', 'road_id': 741, 'lane_id': -1, 'section_id': 0, 'world2vehicle': [[0.009506069123744965, 0.9999329447746277, -0.006616781931370497, -2598.680419921875], [-0.9999548196792603, 0.009506107307970524, -2.5630461095715873e-05, 2434.321044921875], [3.7271096516633406e-05, 0.006616726517677307, 0.9999781250953674, -383.9770812988281], [0.0, 0.0, 0.0, 1.0]], 'position': (8.203540476346916, 0.7897916775445992, 0.01765743993738056), 'yaw': 1.5620622236838728, 'color_rgb': None, 'color_name': None, 'lane_type': carla.libcarla.LaneType.Shoulder, 'lane_type_str': 'Shoulder', 'is_in_junction': False, 'junction_id': -1, 'distance_to_junction': None, 'next_junction_id': -1, 'next_road_ids': [741], 'next_next_road_ids': [], 'same_road_as_ego': True, 'same_direction_as_ego': True, 'lane_relative_to_ego': 1, 'steer': 0.0, 'vehicle_cuts_in': False})
[debug] current frame if 70
[debug] static object in hazard: {'class': 'vehicle', 'state': 'dynamic', 'id': '45680', 'location': [2458.928466796875, 2577.90576171875, 366.8361511230469], 'rotation': [-0.3791164457798004, 0.0014685493661090732, 89.455322265625], 'bbx_loc': [0.10949574410915375, -5.149840944795869e-07, 0.8173970580101013], 'center': [2458.929443359375, 2578.020751953125, 367.6528015136719], 'extent': [2.6187572479248047, 0.9648797512054443, 0.819191575050354], 'world_cord': [[2457.98974609375, 2580.65380859375, 368.4546203613281], [2457.989501953125, 2580.64306640625, 366.8162841796875], [2459.919189453125, 2580.635498046875, 368.4546813964844], [2459.919189453125, 2580.624755859375, 366.8163146972656], [2457.93994140625, 2575.416748046875, 368.4892883300781], [2457.939697265625, 2575.40576171875, 366.8509216308594], [2459.86962890625, 2575.3984375, 368.48931884765625], [2459.869384765625, 2575.387451171875, 366.8509826660156]], 'semantic_tags': [14], 'type_id': 'vehicle.dodge.charger_police_2020', 'color': '0,0,0', 'base_type': 'car', 'num_points': 514, 'distance': 8.241055704664785, 'speed': 0.0, 'brake': 0.0, 'light_state': '1539', 'road_id': 741, 'lane_id': -1, 'section_id': 0, 'world2vehicle': [[0.009506069123744965, 0.9999329447746277, -0.006616781931370497, -2598.680419921875], [-0.9999548196792603, 0.009506107307970524, -2.5630461095715873e-05, 2434.321044921875], [3.7271096516633406e-05, 0.006616726517677307, 0.9999781250953674, -383.9770812988281], [0.0, 0.0, 0.0, 1.0]]}
[debug] static object in hazard: {'class': 'vehicle', 'state': 'dynamic', 'id': '45680', 'location': [2458.928466796875, 2577.90576171875, 366.8361511230469], 'rotation': [-0.3791164457798004, 0.0014685493661090732, 89.455322265625], 'bbx_loc': [0.10949574410915375, -5.149840944795869e-07, 0.8173970580101013], 'center': [2458.929443359375, 2578.020751953125, 367.6528015136719], 'extent': [2.6187572479248047, 0.9648797512054443, 0.819191575050354], 'world_cord': [[2457.98974609375, 2580.65380859375, 368.4546203613281], [2457.989501953125, 2580.64306640625, 366.8162841796875], [2459.919189453125, 2580.635498046875, 368.4546813964844], [2459.919189453125, 2580.624755859375, 366.8163146972656], [2457.93994140625, 2575.416748046875, 368.4892883300781], [2457.939697265625, 2575.40576171875, 366.8509216308594], [2459.86962890625, 2575.3984375, 368.48931884765625], [2459.869384765625, 2575.387451171875, 366.8509826660156]], 'semantic_tags': [14], 'type_id': 'vehicle.dodge.charger_police_2020', 'color': '0,0,0', 'base_type': 'car', 'num_points': 514, 'distance': 8.241055704664785, 'speed': 0.0, 'brake': 0.0, 'light_state': '1539', 'road_id': 741, 'lane_id': -1, 'section_id': 0, 'world2vehicle': [[0.009506069123744965, 0.9999329447746277, -0.006616781931370497, -2598.680419921875], [-0.9999548196792603, 0.009506107307970524, -2.5630461095715873e-05, 2434.321044921875], [3.7271096516633406e-05, 0.006616726517677307, 0.9999781250953674, -383.9770812988281], [0.0, 0.0, 0.0, 1.0]]}
[debug] static object in hazard: {'class': 'vehicle', 'state': 'dynamic', 'id': '45681', 'location': [2459.023193359375, 2587.905029296875, 366.7525329589844], 'rotation': [-0.5433961749076843, 0.0001360762835247442, 89.4564208984375], 'bbx_loc': [-0.0026019555516541004, -5.347281444301188e-07, 0.7203583121299744], 'center': [2459.023193359375, 2587.9091796875, 367.4728698730469], 'extent': [2.3368194103240967, 0.9059062600135803, 0.7209736704826355], 'world_cord': [[2458.1396484375, 2590.26123046875, 368.1716613769531], [2458.139404296875, 2590.24755859375, 366.7297668457031], [2459.951416015625, 2590.244140625, 368.1716613769531], [2459.951171875, 2590.23046875, 366.72979736328125], [2458.09521484375, 2585.588134765625, 368.2159729003906], [2458.09521484375, 2585.574462890625, 366.77410888671875], [2459.906982421875, 2585.57080078125, 368.21600341796875], [2459.906982421875, 2585.55712890625, 366.77410888671875]], 'semantic_tags': [14], 'type_id': 'vehicle.mercedes.coupe_2020', 'color': '187,187,187', 'base_type': 'car', 'num_points': 3, 'distance': 18.219648834682655, 'speed': 0.0, 'brake': 0.0, 'light_state': 'NONE', 'road_id': 741, 'lane_id': -1, 'section_id': 0, 'world2vehicle': [[0.009486658498644829, 0.9999099969863892, -0.009483910165727139, -2607.521728515625], [-0.9999549984931946, 0.009487062692642212, -2.3748723378957948e-06, 2434.362060546875], [8.75997866387479e-05, 0.009483505971729755, 0.9999549984931946, -391.49383544921875], [0.0, 0.0, 0.0, 1.0]]}
[debug] hazardous_actors = [{'class': 'vehicle', 'state': 'dynamic', 'id': '45680', 'location': [2458.928466796875, 2577.90576171875, 366.8361511230469], 'rotation': [-0.3791164457798004, 0.0014685493661090732, 89.455322265625], 'bbx_loc': [0.10949574410915375, -5.149840944795869e-07, 0.8173970580101013], 'center': [2458.929443359375, 2578.020751953125, 367.6528015136719], 'extent': [2.6187572479248047, 0.9648797512054443, 0.819191575050354], 'world_cord': [[2457.98974609375, 2580.65380859375, 368.4546203613281], [2457.989501953125, 2580.64306640625, 366.8162841796875], [2459.919189453125, 2580.635498046875, 368.4546813964844], [2459.919189453125, 2580.624755859375, 366.8163146972656], [2457.93994140625, 2575.416748046875, 368.4892883300781], [2457.939697265625, 2575.40576171875, 366.8509216308594], [2459.86962890625, 2575.3984375, 368.48931884765625], [2459.869384765625, 2575.387451171875, 366.8509826660156]], 'semantic_tags': [14], 'type_id': 'vehicle.dodge.charger_police_2020', 'color': '0,0,0', 'base_type': 'car', 'num_points': 514, 'distance': 8.241055704664785, 'speed': 0.0, 'brake': 0.0, 'light_state': '1539', 'road_id': 741, 'lane_id': -1, 'section_id': 0, 'world2vehicle': [[0.009506069123744965, 0.9999329447746277, -0.006616781931370497, -2598.680419921875], [-0.9999548196792603, 0.009506107307970524, -2.5630461095715873e-05, 2434.321044921875], [3.7271096516633406e-05, 0.006616726517677307, 0.9999781250953674, -383.9770812988281], [0.0, 0.0, 0.0, 1.0]]}]
[debug] combined_actors = [{'class': 'vehicle', 'state': 'dynamic', 'id': '45680', 'location': [2458.928466796875, 2577.90576171875, 366.8361511230469], 'rotation': [-0.3791164457798004, 0.0014685493661090732, 89.455322265625], 'bbx_loc': [0.10949574410915375, -5.149840944795869e-07, 0.8173970580101013], 'center': [2458.929443359375, 2578.020751953125, 367.6528015136719], 'extent': [2.6187572479248047, 0.9648797512054443, 0.819191575050354], 'world_cord': [[2457.98974609375, 2580.65380859375, 368.4546203613281], [2457.989501953125, 2580.64306640625, 366.8162841796875], [2459.919189453125, 2580.635498046875, 368.4546813964844], [2459.919189453125, 2580.624755859375, 366.8163146972656], [2457.93994140625, 2575.416748046875, 368.4892883300781], [2457.939697265625, 2575.40576171875, 366.8509216308594], [2459.86962890625, 2575.3984375, 368.48931884765625], [2459.869384765625, 2575.387451171875, 366.8509826660156]], 'semantic_tags': [14], 'type_id': 'vehicle.dodge.charger_police_2020', 'color': '0,0,0', 'base_type': 'car', 'num_points': 514, 'distance': 8.241055704664785, 'speed': 0.0, 'brake': 0.0, 'light_state': '1539', 'road_id': 741, 'lane_id': -1, 'section_id': 0, 'world2vehicle': [[0.009506069123744965, 0.9999329447746277, -0.006616781931370497, -2598.680419921875], [-0.9999548196792603, 0.009506107307970524, -2.5630461095715873e-05, 2434.321044921875], [3.7271096516633406e-05, 0.006616726517677307, 0.9999781250953674, -383.9770812988281], [0.0, 0.0, 0.0, 1.0]], 'position': (8.203540476346916, 0.7897916775445992, 0.01765743993738056), 'yaw': 1.5620622236838728, 'color_rgb': None, 'color_name': None, 'lane_type': carla.libcarla.LaneType.Shoulder, 'lane_type_str': 'Shoulder', 'is_in_junction': False, 'junction_id': -1, 'distance_to_junction': None, 'next_junction_id': -1, 'next_road_ids': [741], 'next_next_road_ids': [], 'same_road_as_ego': True, 'same_direction_as_ego': True, 'lane_relative_to_ego': 1, 'steer': 0.0, 'vehicle_cuts_in': False}]
