[debug] current frame is 0
[debug] hazardous_actors = []
[debug] current frame is 5
[debug] hazardous_actors = []
[debug] current frame is 10
[debug] hazardous_actors = []
[debug] current frame is 15
[debug] hazardous_actors = []
[debug] current frame is 20
[debug] hazardous_actors = []
[debug] current frame is 25
[debug] hazardous_actors = []
[debug] current frame is 30
[debug] hazardous_actors = []
[debug] current frame is 35
[debug] hazardous_actors = []
[debug] current frame is 40
[debug] hazardous_actors = []
[debug] current frame is 45
[debug] hazardous_actors = []
[debug] current frame is 50
[debug] static object in hazard: {'class': 'traffic_sign', 'id': '49398', 'location': [783.4613647460938, 4917.642578125, 370.8192138671875], 'rotation': [0.0031418867874890566, -0.2827759087085724, 0.26917919516563416], 'bbx_loc': [-1.4464525293078623e-06, 2.5205592919519404e-06, 1.7847644090652466], 'center': [783.4613037109375, 4917.6337890625, 372.60394287109375], 'extent': [1.1884961128234863, 1.4271068572998047, 1.790136694908142], 'world_cord': [[784.6430053710938, 4919.0576171875, 374.40118408203125], [784.6431274414062, 4919.0751953125, 370.8209533691406], [784.6564331054688, 4916.20361328125, 374.3870849609375], [784.6565551757812, 4916.22119140625, 370.8068542480469], [782.2660522460938, 4919.04638671875, 374.40106201171875], [782.2661743164062, 4919.06396484375, 370.8208312988281], [782.2794799804688, 4916.1923828125, 374.386962890625], [782.2796020507812, 4916.2099609375, 370.8067321777344]], 'semantic_tags': [], 'type_id': 'static.prop.trafficwarning', 'distance': 18.552832575485034, 'affects_ego': True, 'road_id': 684, 'lane_id': -2, 'section_id': 0, 'world2sign': [[0.9999889731407166, 0.004698046017438173, 5.483626955538057e-05, -806.5763549804688], [-0.00469825929030776, 0.9999768137931824, 0.004935350734740496, -4915.677734375], [-3.164849476888776e-05, -0.004935553763061762, 0.9999878406524658, -346.51861572265625], [0.0, 0.0, 0.0, 1.0]]}
[debug] hazardous_actors = []
[debug] current frame is 55
[debug] static object in hazard: {'class': 'traffic_sign', 'id': '49398', 'location': [783.4613647460938, 4917.642578125, 370.8192138671875], 'rotation': [0.0031418867874890566, -0.2827759087085724, 0.26917919516563416], 'bbx_loc': [-1.4464525293078623e-06, 2.5205592919519404e-06, 1.7847644090652466], 'center': [783.4613037109375, 4917.6337890625, 372.60394287109375], 'extent': [1.1884961128234863, 1.4271068572998047, 1.790136694908142], 'world_cord': [[784.6430053710938, 4919.0576171875, 374.40118408203125], [784.6431274414062, 4919.0751953125, 370.8209533691406], [784.6564331054688, 4916.20361328125, 374.3870849609375], [784.6565551757812, 4916.22119140625, 370.8068542480469], [782.2660522460938, 4919.04638671875, 374.40106201171875], [782.2661743164062, 4919.06396484375, 370.8208312988281], [782.2794799804688, 4916.1923828125, 374.386962890625], [782.2796020507812, 4916.2099609375, 370.8067321777344]], 'semantic_tags': [], 'type_id': 'static.prop.trafficwarning', 'distance': 14.955109137878704, 'affects_ego': True, 'road_id': 684, 'lane_id': -2, 'section_id': 0, 'world2sign': [[0.9999889731407166, 0.004698046017438173, 5.483626955538057e-05, -806.5763549804688], [-0.00469825929030776, 0.9999768137931824, 0.004935350734740496, -4915.677734375], [-3.164849476888776e-05, -0.004935553763061762, 0.9999878406524658, -346.51861572265625], [0.0, 0.0, 0.0, 1.0]]}
[debug] static object in hazard: {'class': 'traffic_sign', 'id': '49398', 'location': [783.4613647460938, 4917.642578125, 370.8192138671875], 'rotation': [0.0031418867874890566, -0.2827759087085724, 0.26917919516563416], 'bbx_loc': [-1.4464525293078623e-06, 2.5205592919519404e-06, 1.7847644090652466], 'center': [783.4613037109375, 4917.6337890625, 372.60394287109375], 'extent': [1.1884961128234863, 1.4271068572998047, 1.790136694908142], 'world_cord': [[784.6430053710938, 4919.0576171875, 374.40118408203125], [784.6431274414062, 4919.0751953125, 370.8209533691406], [784.6564331054688, 4916.20361328125, 374.3870849609375], [784.6565551757812, 4916.22119140625, 370.8068542480469], [782.2660522460938, 4919.04638671875, 374.40106201171875], [782.2661743164062, 4919.06396484375, 370.8208312988281], [782.2794799804688, 4916.1923828125, 374.386962890625], [782.2796020507812, 4916.2099609375, 370.8067321777344]], 'semantic_tags': [], 'type_id': 'static.prop.trafficwarning', 'distance': 14.955109137878704, 'affects_ego': True, 'road_id': 684, 'lane_id': -2, 'section_id': 0, 'world2sign': [[0.9999889731407166, 0.004698046017438173, 5.483626955538057e-05, -806.5763549804688], [-0.00469825929030776, 0.9999768137931824, 0.004935350734740496, -4915.677734375], [-3.164849476888776e-05, -0.004935553763061762, 0.9999878406524658, -346.51861572265625], [0.0, 0.0, 0.0, 1.0]]}
[debug] hazardous_actors = [{'class': 'traffic_sign', 'id': '49398', 'location': [783.4613647460938, 4917.642578125, 370.8192138671875], 'rotation': [0.0031418867874890566, -0.2827759087085724, 0.26917919516563416], 'bbx_loc': [-1.4464525293078623e-06, 2.5205592919519404e-06, 1.7847644090652466], 'center': [783.4613037109375, 4917.6337890625, 372.60394287109375], 'extent': [1.1884961128234863, 1.4271068572998047, 1.790136694908142], 'world_cord': [[784.6430053710938, 4919.0576171875, 374.40118408203125], [784.6431274414062, 4919.0751953125, 370.8209533691406], [784.6564331054688, 4916.20361328125, 374.3870849609375], [784.6565551757812, 4916.22119140625, 370.8068542480469], [782.2660522460938, 4919.04638671875, 374.40106201171875], [782.2661743164062, 4919.06396484375, 370.8208312988281], [782.2794799804688, 4916.1923828125, 374.386962890625], [782.2796020507812, 4916.2099609375, 370.8067321777344]], 'semantic_tags': [], 'type_id': 'static.prop.trafficwarning', 'distance': 14.955109137878704, 'affects_ego': True, 'road_id': 684, 'lane_id': -2, 'section_id': 0, 'world2sign': [[0.9999889731407166, 0.004698046017438173, 5.483626955538057e-05, -806.5763549804688], [-0.00469825929030776, 0.9999768137931824, 0.004935350734740496, -4915.677734375], [-3.164849476888776e-05, -0.004935553763061762, 0.9999878406524658, -346.51861572265625], [0.0, 0.0, 0.0, 1.0]], 'position': (14.955082208552994, 0.07754698173130237, -0.057428141253367926), 'yaw': 1.5635733012863837}]
[debug] into second branch, scenario_name = ConstructionObstacleTwoWays
[debug] current frame is 60
[debug] static object in hazard: {'class': 'traffic_sign', 'id': '49398', 'location': [783.4613647460938, 4917.642578125, 370.8192138671875], 'rotation': [0.0031418867874890566, -0.2827759087085724, 0.26917919516563416], 'bbx_loc': [-1.4464525293078623e-06, 2.5205592919519404e-06, 1.7847644090652466], 'center': [783.4613037109375, 4917.6337890625, 372.60394287109375], 'extent': [1.1884961128234863, 1.4271068572998047, 1.790136694908142], 'world_cord': [[784.6430053710938, 4919.0576171875, 374.40118408203125], [784.6431274414062, 4919.0751953125, 370.8209533691406], [784.6564331054688, 4916.20361328125, 374.3870849609375], [784.6565551757812, 4916.22119140625, 370.8068542480469], [782.2660522460938, 4919.04638671875, 374.40106201171875], [782.2661743164062, 4919.06396484375, 370.8208312988281], [782.2794799804688, 4916.1923828125, 374.386962890625], [782.2796020507812, 4916.2099609375, 370.8067321777344]], 'semantic_tags': [], 'type_id': 'static.prop.trafficwarning', 'distance': 11.263030201920893, 'affects_ego': True, 'road_id': 684, 'lane_id': -2, 'section_id': 0, 'world2sign': [[0.9999889731407166, 0.004698046017438173, 5.483626955538057e-05, -806.5763549804688], [-0.00469825929030776, 0.9999768137931824, 0.004935350734740496, -4915.677734375], [-3.164849476888776e-05, -0.004935553763061762, 0.9999878406524658, -346.51861572265625], [0.0, 0.0, 0.0, 1.0]]}
[debug] static object in hazard: {'class': 'traffic_sign', 'id': '49398', 'location': [783.4613647460938, 4917.642578125, 370.8192138671875], 'rotation': [0.0031418867874890566, -0.2827759087085724, 0.26917919516563416], 'bbx_loc': [-1.4464525293078623e-06, 2.5205592919519404e-06, 1.7847644090652466], 'center': [783.4613037109375, 4917.6337890625, 372.60394287109375], 'extent': [1.1884961128234863, 1.4271068572998047, 1.790136694908142], 'world_cord': [[784.6430053710938, 4919.0576171875, 374.40118408203125], [784.6431274414062, 4919.0751953125, 370.8209533691406], [784.6564331054688, 4916.20361328125, 374.3870849609375], [784.6565551757812, 4916.22119140625, 370.8068542480469], [782.2660522460938, 4919.04638671875, 374.40106201171875], [782.2661743164062, 4919.06396484375, 370.8208312988281], [782.2794799804688, 4916.1923828125, 374.386962890625], [782.2796020507812, 4916.2099609375, 370.8067321777344]], 'semantic_tags': [], 'type_id': 'static.prop.trafficwarning', 'distance': 11.263030201920893, 'affects_ego': True, 'road_id': 684, 'lane_id': -2, 'section_id': 0, 'world2sign': [[0.9999889731407166, 0.004698046017438173, 5.483626955538057e-05, -806.5763549804688], [-0.00469825929030776, 0.9999768137931824, 0.004935350734740496, -4915.677734375], [-3.164849476888776e-05, -0.004935553763061762, 0.9999878406524658, -346.51861572265625], [0.0, 0.0, 0.0, 1.0]]}
[debug] static object in hazard: {'class': 'traffic_sign', 'id': '49399', 'location': [783.5196533203125, 4924.59716796875, 370.8601989746094], 'rotation': [0.0032170189078897238, 0.24150905013084412, 179.59616088867188], 'bbx_loc': [6.183273853821447e-06, -2.0266970750526525e-06, 0.06587956100702286], 'center': [783.5196533203125, 4924.5966796875, 370.92608642578125], 'extent': [0.93359375, 0.7505273222923279, 0.07871093600988388], 'world_cord': [[782.580810546875, 4923.8525390625, 371.0016784667969], [782.580810546875, 4923.853515625, 370.8442687988281], [782.5913696289062, 4925.353515625, 371.00799560546875], [782.5913696289062, 4925.3544921875, 370.8505859375], [784.4479370117188, 4923.83935546875, 371.0015869140625], [784.4479370117188, 4923.84033203125, 370.8441467285156], [784.45849609375, 4925.34033203125, 371.0079040527344], [784.45849609375, 4925.34130859375, 370.8504638671875]], 'semantic_tags': [], 'type_id': 'static.prop.dirtdebris02', 'distance': 18.216963353239386, 'affects_ego': False, 'road_id': 684, 'lane_id': -2, 'section_id': 0, 'world2sign': [[-0.9999751448631287, 0.007048222701996565, 5.614757174043916e-05, 748.7697143554688], [-0.007048396859318018, -0.9999662637710571, -0.0042151156812906265, 4931.5166015625], [2.643660263856873e-05, -0.004215406719595194, 0.9999911189079285, -350.1184387207031], [0.0, 0.0, 0.0, 1.0]]}
[debug] hazardous_actors = [{'class': 'traffic_sign', 'id': '49398', 'location': [783.4613647460938, 4917.642578125, 370.8192138671875], 'rotation': [0.0031418867874890566, -0.2827759087085724, 0.26917919516563416], 'bbx_loc': [-1.4464525293078623e-06, 2.5205592919519404e-06, 1.7847644090652466], 'center': [783.4613037109375, 4917.6337890625, 372.60394287109375], 'extent': [1.1884961128234863, 1.4271068572998047, 1.790136694908142], 'world_cord': [[784.6430053710938, 4919.0576171875, 374.40118408203125], [784.6431274414062, 4919.0751953125, 370.8209533691406], [784.6564331054688, 4916.20361328125, 374.3870849609375], [784.6565551757812, 4916.22119140625, 370.8068542480469], [782.2660522460938, 4919.04638671875, 374.40106201171875], [782.2661743164062, 4919.06396484375, 370.8208312988281], [782.2794799804688, 4916.1923828125, 374.386962890625], [782.2796020507812, 4916.2099609375, 370.8067321777344]], 'semantic_tags': [], 'type_id': 'static.prop.trafficwarning', 'distance': 11.263030201920893, 'affects_ego': True, 'road_id': 684, 'lane_id': -2, 'section_id': 0, 'world2sign': [[0.9999889731407166, 0.004698046017438173, 5.483626955538057e-05, -806.5763549804688], [-0.00469825929030776, 0.9999768137931824, 0.004935350734740496, -4915.677734375], [-3.164849476888776e-05, -0.004935553763061762, 0.9999878406524658, -346.51861572265625], [0.0, 0.0, 0.0, 1.0]], 'position': (11.212712057125827, 1.069674557005328, 0.04737954868039651), 'yaw': 1.4877328650275432}]
[debug] into second branch, scenario_name = ConstructionObstacleTwoWays
[debug] current frame is 65
[debug] static object in hazard: {'class': 'traffic_sign', 'id': '49398', 'location': [783.4613647460938, 4917.642578125, 370.8192138671875], 'rotation': [0.0031418867874890566, -0.2827759087085724, 0.26917919516563416], 'bbx_loc': [-1.4464525293078623e-06, 2.5205592919519404e-06, 1.7847644090652466], 'center': [783.4613037109375, 4917.6337890625, 372.60394287109375], 'extent': [1.1884961128234863, 1.4271068572998047, 1.790136694908142], 'world_cord': [[784.6430053710938, 4919.0576171875, 374.40118408203125], [784.6431274414062, 4919.0751953125, 370.8209533691406], [784.6564331054688, 4916.20361328125, 374.3870849609375], [784.6565551757812, 4916.22119140625, 370.8068542480469], [782.2660522460938, 4919.04638671875, 374.40106201171875], [782.2661743164062, 4919.06396484375, 370.8208312988281], [782.2794799804688, 4916.1923828125, 374.386962890625], [782.2796020507812, 4916.2099609375, 370.8067321777344]], 'semantic_tags': [], 'type_id': 'static.prop.trafficwarning', 'distance': 9.356680474423197, 'affects_ego': True, 'road_id': 684, 'lane_id': -2, 'section_id': 0, 'world2sign': [[0.9999889731407166, 0.004698046017438173, 5.483626955538057e-05, -806.5763549804688], [-0.00469825929030776, 0.9999768137931824, 0.004935350734740496, -4915.677734375], [-3.164849476888776e-05, -0.004935553763061762, 0.9999878406524658, -346.51861572265625], [0.0, 0.0, 0.0, 1.0]]}
[debug] static object in hazard: {'class': 'traffic_sign', 'id': '49398', 'location': [783.4613647460938, 4917.642578125, 370.8192138671875], 'rotation': [0.0031418867874890566, -0.2827759087085724, 0.26917919516563416], 'bbx_loc': [-1.4464525293078623e-06, 2.5205592919519404e-06, 1.7847644090652466], 'center': [783.4613037109375, 4917.6337890625, 372.60394287109375], 'extent': [1.1884961128234863, 1.4271068572998047, 1.790136694908142], 'world_cord': [[784.6430053710938, 4919.0576171875, 374.40118408203125], [784.6431274414062, 4919.0751953125, 370.8209533691406], [784.6564331054688, 4916.20361328125, 374.3870849609375], [784.6565551757812, 4916.22119140625, 370.8068542480469], [782.2660522460938, 4919.04638671875, 374.40106201171875], [782.2661743164062, 4919.06396484375, 370.8208312988281], [782.2794799804688, 4916.1923828125, 374.386962890625], [782.2796020507812, 4916.2099609375, 370.8067321777344]], 'semantic_tags': [], 'type_id': 'static.prop.trafficwarning', 'distance': 9.356680474423197, 'affects_ego': True, 'road_id': 684, 'lane_id': -2, 'section_id': 0, 'world2sign': [[0.9999889731407166, 0.004698046017438173, 5.483626955538057e-05, -806.5763549804688], [-0.00469825929030776, 0.9999768137931824, 0.004935350734740496, -4915.677734375], [-3.164849476888776e-05, -0.004935553763061762, 0.9999878406524658, -346.51861572265625], [0.0, 0.0, 0.0, 1.0]]}
[debug] static object in hazard: {'class': 'traffic_sign', 'id': '49399', 'location': [783.5196533203125, 4924.59716796875, 370.8601989746094], 'rotation': [0.0032170189078897238, 0.24150905013084412, 179.59616088867188], 'bbx_loc': [6.183273853821447e-06, -2.0266970750526525e-06, 0.06587956100702286], 'center': [783.5196533203125, 4924.5966796875, 370.92608642578125], 'extent': [0.93359375, 0.7505273222923279, 0.07871093600988388], 'world_cord': [[782.580810546875, 4923.8525390625, 371.0016784667969], [782.580810546875, 4923.853515625, 370.8442687988281], [782.5913696289062, 4925.353515625, 371.00799560546875], [782.5913696289062, 4925.3544921875, 370.8505859375], [784.4479370117188, 4923.83935546875, 371.0015869140625], [784.4479370117188, 4923.84033203125, 370.8441467285156], [784.45849609375, 4925.34033203125, 371.0079040527344], [784.45849609375, 4925.34130859375, 370.8504638671875]], 'semantic_tags': [], 'type_id': 'static.prop.dirtdebris02', 'distance': 16.306807007365133, 'affects_ego': False, 'road_id': 684, 'lane_id': -2, 'section_id': 0, 'world2sign': [[-0.9999751448631287, 0.007048222701996565, 5.614757174043916e-05, 748.7697143554688], [-0.007048396859318018, -0.9999662637710571, -0.0042151156812906265, 4931.5166015625], [2.643660263856873e-05, -0.004215406719595194, 0.9999911189079285, -350.1184387207031], [0.0, 0.0, 0.0, 1.0]]}
[debug] hazardous_actors = [{'class': 'traffic_sign', 'id': '49398', 'location': [783.4613647460938, 4917.642578125, 370.8192138671875], 'rotation': [0.0031418867874890566, -0.2827759087085724, 0.26917919516563416], 'bbx_loc': [-1.4464525293078623e-06, 2.5205592919519404e-06, 1.7847644090652466], 'center': [783.4613037109375, 4917.6337890625, 372.60394287109375], 'extent': [1.1884961128234863, 1.4271068572998047, 1.790136694908142], 'world_cord': [[784.6430053710938, 4919.0576171875, 374.40118408203125], [784.6431274414062, 4919.0751953125, 370.8209533691406], [784.6564331054688, 4916.20361328125, 374.3870849609375], [784.6565551757812, 4916.22119140625, 370.8068542480469], [782.2660522460938, 4919.04638671875, 374.40106201171875], [782.2661743164062, 4919.06396484375, 370.8208312988281], [782.2794799804688, 4916.1923828125, 374.386962890625], [782.2796020507812, 4916.2099609375, 370.8067321777344]], 'semantic_tags': [], 'type_id': 'static.prop.trafficwarning', 'distance': 9.356680474423197, 'affects_ego': True, 'road_id': 684, 'lane_id': -2, 'section_id': 0, 'world2sign': [[0.9999889731407166, 0.004698046017438173, 5.483626955538057e-05, -806.5763549804688], [-0.00469825929030776, 0.9999768137931824, 0.004935350734740496, -4915.677734375], [-3.164849476888776e-05, -0.004935553763061762, 0.9999878406524658, -346.51861572265625], [0.0, 0.0, 0.0, 1.0]], 'position': (9.222844206487935, 1.5539451259961083, 0.2708018525586624), 'yaw': 1.4441249337580406}]
[debug] into second branch, scenario_name = ConstructionObstacleTwoWays
[debug] current frame is 70
[debug] static object in hazard: {'class': 'traffic_sign', 'id': '49398', 'location': [783.4613647460938, 4917.642578125, 370.8192138671875], 'rotation': [0.0031418867874890566, -0.2827759087085724, 0.26917919516563416], 'bbx_loc': [-1.4464525293078623e-06, 2.5205592919519404e-06, 1.7847644090652466], 'center': [783.4613037109375, 4917.6337890625, 372.60394287109375], 'extent': [1.1884961128234863, 1.4271068572998047, 1.790136694908142], 'world_cord': [[784.6430053710938, 4919.0576171875, 374.40118408203125], [784.6431274414062, 4919.0751953125, 370.8209533691406], [784.6564331054688, 4916.20361328125, 374.3870849609375], [784.6565551757812, 4916.22119140625, 370.8068542480469], [782.2660522460938, 4919.04638671875, 374.40106201171875], [782.2661743164062, 4919.06396484375, 370.8208312988281], [782.2794799804688, 4916.1923828125, 374.386962890625], [782.2796020507812, 4916.2099609375, 370.8067321777344]], 'semantic_tags': [], 'type_id': 'static.prop.trafficwarning', 'distance': 9.312377644261513, 'affects_ego': True, 'road_id': 684, 'lane_id': -2, 'section_id': 0, 'world2sign': [[0.9999889731407166, 0.004698046017438173, 5.483626955538057e-05, -806.5763549804688], [-0.00469825929030776, 0.9999768137931824, 0.004935350734740496, -4915.677734375], [-3.164849476888776e-05, -0.004935553763061762, 0.9999878406524658, -346.51861572265625], [0.0, 0.0, 0.0, 1.0]]}
[debug] static object in hazard: {'class': 'traffic_sign', 'id': '49398', 'location': [783.4613647460938, 4917.642578125, 370.8192138671875], 'rotation': [0.0031418867874890566, -0.2827759087085724, 0.26917919516563416], 'bbx_loc': [-1.4464525293078623e-06, 2.5205592919519404e-06, 1.7847644090652466], 'center': [783.4613037109375, 4917.6337890625, 372.60394287109375], 'extent': [1.1884961128234863, 1.4271068572998047, 1.790136694908142], 'world_cord': [[784.6430053710938, 4919.0576171875, 374.40118408203125], [784.6431274414062, 4919.0751953125, 370.8209533691406], [784.6564331054688, 4916.20361328125, 374.3870849609375], [784.6565551757812, 4916.22119140625, 370.8068542480469], [782.2660522460938, 4919.04638671875, 374.40106201171875], [782.2661743164062, 4919.06396484375, 370.8208312988281], [782.2794799804688, 4916.1923828125, 374.386962890625], [782.2796020507812, 4916.2099609375, 370.8067321777344]], 'semantic_tags': [], 'type_id': 'static.prop.trafficwarning', 'distance': 9.312377644261513, 'affects_ego': True, 'road_id': 684, 'lane_id': -2, 'section_id': 0, 'world2sign': [[0.9999889731407166, 0.004698046017438173, 5.483626955538057e-05, -806.5763549804688], [-0.00469825929030776, 0.9999768137931824, 0.004935350734740496, -4915.677734375], [-3.164849476888776e-05, -0.004935553763061762, 0.9999878406524658, -346.51861572265625], [0.0, 0.0, 0.0, 1.0]]}
[debug] static object in hazard: {'class': 'traffic_sign', 'id': '49399', 'location': [783.5196533203125, 4924.59716796875, 370.8601989746094], 'rotation': [0.0032170189078897238, 0.24150905013084412, 179.59616088867188], 'bbx_loc': [6.183273853821447e-06, -2.0266970750526525e-06, 0.06587956100702286], 'center': [783.5196533203125, 4924.5966796875, 370.92608642578125], 'extent': [0.93359375, 0.7505273222923279, 0.07871093600988388], 'world_cord': [[782.580810546875, 4923.8525390625, 371.0016784667969], [782.580810546875, 4923.853515625, 370.8442687988281], [782.5913696289062, 4925.353515625, 371.00799560546875], [782.5913696289062, 4925.3544921875, 370.8505859375], [784.4479370117188, 4923.83935546875, 371.0015869140625], [784.4479370117188, 4923.84033203125, 370.8441467285156], [784.45849609375, 4925.34033203125, 371.0079040527344], [784.45849609375, 4925.34130859375, 370.8504638671875]], 'semantic_tags': [], 'type_id': 'static.prop.dirtdebris02', 'distance': 16.26217652967863, 'affects_ego': False, 'road_id': 684, 'lane_id': -2, 'section_id': 0, 'world2sign': [[-0.9999751448631287, 0.007048222701996565, 5.614757174043916e-05, 748.7697143554688], [-0.007048396859318018, -0.9999662637710571, -0.0042151156812906265, 4931.5166015625], [2.643660263856873e-05, -0.004215406719595194, 0.9999911189079285, -350.1184387207031], [0.0, 0.0, 0.0, 1.0]]}
[debug] hazardous_actors = [{'class': 'traffic_sign', 'id': '49398', 'location': [783.4613647460938, 4917.642578125, 370.8192138671875], 'rotation': [0.0031418867874890566, -0.2827759087085724, 0.26917919516563416], 'bbx_loc': [-1.4464525293078623e-06, 2.5205592919519404e-06, 1.7847644090652466], 'center': [783.4613037109375, 4917.6337890625, 372.60394287109375], 'extent': [1.1884961128234863, 1.4271068572998047, 1.790136694908142], 'world_cord': [[784.6430053710938, 4919.0576171875, 374.40118408203125], [784.6431274414062, 4919.0751953125, 370.8209533691406], [784.6564331054688, 4916.20361328125, 374.3870849609375], [784.6565551757812, 4916.22119140625, 370.8068542480469], [782.2660522460938, 4919.04638671875, 374.40106201171875], [782.2661743164062, 4919.06396484375, 370.8208312988281], [782.2794799804688, 4916.1923828125, 374.386962890625], [782.2796020507812, 4916.2099609375, 370.8067321777344]], 'semantic_tags': [], 'type_id': 'static.prop.trafficwarning', 'distance': 9.312377644261513, 'affects_ego': True, 'road_id': 684, 'lane_id': -2, 'section_id': 0, 'world2sign': [[0.9999889731407166, 0.004698046017438173, 5.483626955538057e-05, -806.5763549804688], [-0.00469825929030776, 0.9999768137931824, 0.004935350734740496, -4915.677734375], [-3.164849476888776e-05, -0.004935553763061762, 0.9999878406524658, -346.51861572265625], [0.0, 0.0, 0.0, 1.0]], 'position': (9.170954460485518, 1.6165370063728801, 0.037646464130205004), 'yaw': 1.4382289614207142}]
[debug] current frame is 75
[debug] static object in hazard: {'class': 'traffic_sign', 'id': '49398', 'location': [783.4613647460938, 4917.642578125, 370.8192138671875], 'rotation': [0.0031418867874890566, -0.2827759087085724, 0.26917919516563416], 'bbx_loc': [-1.4464525293078623e-06, 2.5205592919519404e-06, 1.7847644090652466], 'center': [783.4613037109375, 4917.6337890625, 372.60394287109375], 'extent': [1.1884961128234863, 1.4271068572998047, 1.790136694908142], 'world_cord': [[784.6430053710938, 4919.0576171875, 374.40118408203125], [784.6431274414062, 4919.0751953125, 370.8209533691406], [784.6564331054688, 4916.20361328125, 374.3870849609375], [784.6565551757812, 4916.22119140625, 370.8068542480469], [782.2660522460938, 4919.04638671875, 374.40106201171875], [782.2661743164062, 4919.06396484375, 370.8208312988281], [782.2794799804688, 4916.1923828125, 374.386962890625], [782.2796020507812, 4916.2099609375, 370.8067321777344]], 'semantic_tags': [], 'type_id': 'static.prop.trafficwarning', 'distance': 8.976798805599211, 'affects_ego': True, 'road_id': 684, 'lane_id': -2, 'section_id': 0, 'world2sign': [[0.9999889731407166, 0.004698046017438173, 5.483626955538057e-05, -806.5763549804688], [-0.00469825929030776, 0.9999768137931824, 0.004935350734740496, -4915.677734375], [-3.164849476888776e-05, -0.004935553763061762, 0.9999878406524658, -346.51861572265625], [0.0, 0.0, 0.0, 1.0]]}
[debug] static object in hazard: {'class': 'traffic_sign', 'id': '49398', 'location': [783.4613647460938, 4917.642578125, 370.8192138671875], 'rotation': [0.0031418867874890566, -0.2827759087085724, 0.26917919516563416], 'bbx_loc': [-1.4464525293078623e-06, 2.5205592919519404e-06, 1.7847644090652466], 'center': [783.4613037109375, 4917.6337890625, 372.60394287109375], 'extent': [1.1884961128234863, 1.4271068572998047, 1.790136694908142], 'world_cord': [[784.6430053710938, 4919.0576171875, 374.40118408203125], [784.6431274414062, 4919.0751953125, 370.8209533691406], [784.6564331054688, 4916.20361328125, 374.3870849609375], [784.6565551757812, 4916.22119140625, 370.8068542480469], [782.2660522460938, 4919.04638671875, 374.40106201171875], [782.2661743164062, 4919.06396484375, 370.8208312988281], [782.2794799804688, 4916.1923828125, 374.386962890625], [782.2796020507812, 4916.2099609375, 370.8067321777344]], 'semantic_tags': [], 'type_id': 'static.prop.trafficwarning', 'distance': 8.976798805599211, 'affects_ego': True, 'road_id': 684, 'lane_id': -2, 'section_id': 0, 'world2sign': [[0.9999889731407166, 0.004698046017438173, 5.483626955538057e-05, -806.5763549804688], [-0.00469825929030776, 0.9999768137931824, 0.004935350734740496, -4915.677734375], [-3.164849476888776e-05, -0.004935553763061762, 0.9999878406524658, -346.51861572265625], [0.0, 0.0, 0.0, 1.0]]}
[debug] static object in hazard: {'class': 'traffic_sign', 'id': '49399', 'location': [783.5196533203125, 4924.59716796875, 370.8601989746094], 'rotation': [0.0032170189078897238, 0.24150905013084412, 179.59616088867188], 'bbx_loc': [6.183273853821447e-06, -2.0266970750526525e-06, 0.06587956100702286], 'center': [783.5196533203125, 4924.5966796875, 370.92608642578125], 'extent': [0.93359375, 0.7505273222923279, 0.07871093600988388], 'world_cord': [[782.580810546875, 4923.8525390625, 371.0016784667969], [782.580810546875, 4923.853515625, 370.8442687988281], [782.5913696289062, 4925.353515625, 371.00799560546875], [782.5913696289062, 4925.3544921875, 370.8505859375], [784.4479370117188, 4923.83935546875, 371.0015869140625], [784.4479370117188, 4923.84033203125, 370.8441467285156], [784.45849609375, 4925.34033203125, 371.0079040527344], [784.45849609375, 4925.34130859375, 370.8504638671875]], 'semantic_tags': [], 'type_id': 'static.prop.dirtdebris02', 'distance': 15.922131601016948, 'affects_ego': False, 'road_id': 684, 'lane_id': -2, 'section_id': 0, 'world2sign': [[-0.9999751448631287, 0.007048222701996565, 5.614757174043916e-05, 748.7697143554688], [-0.007048396859318018, -0.9999662637710571, -0.0042151156812906265, 4931.5166015625], [2.643660263856873e-05, -0.004215406719595194, 0.9999911189079285, -350.1184387207031], [0.0, 0.0, 0.0, 1.0]]}
[debug] hazardous_actors = [{'class': 'traffic_sign', 'id': '49398', 'location': [783.4613647460938, 4917.642578125, 370.8192138671875], 'rotation': [0.0031418867874890566, -0.2827759087085724, 0.26917919516563416], 'bbx_loc': [-1.4464525293078623e-06, 2.5205592919519404e-06, 1.7847644090652466], 'center': [783.4613037109375, 4917.6337890625, 372.60394287109375], 'extent': [1.1884961128234863, 1.4271068572998047, 1.790136694908142], 'world_cord': [[784.6430053710938, 4919.0576171875, 374.40118408203125], [784.6431274414062, 4919.0751953125, 370.8209533691406], [784.6564331054688, 4916.20361328125, 374.3870849609375], [784.6565551757812, 4916.22119140625, 370.8068542480469], [782.2660522460938, 4919.04638671875, 374.40106201171875], [782.2661743164062, 4919.06396484375, 370.8208312988281], [782.2794799804688, 4916.1923828125, 374.386962890625], [782.2796020507812, 4916.2099609375, 370.8067321777344]], 'semantic_tags': [], 'type_id': 'static.prop.trafficwarning', 'distance': 8.976798805599211, 'affects_ego': True, 'road_id': 684, 'lane_id': -2, 'section_id': 0, 'world2sign': [[0.9999889731407166, 0.004698046017438173, 5.483626955538057e-05, -806.5763549804688], [-0.00469825929030776, 0.9999768137931824, 0.004935350734740496, -4915.677734375], [-3.164849476888776e-05, -0.004935553763061762, 0.9999878406524658, -346.51861572265625], [0.0, 0.0, 0.0, 1.0]], 'position': (8.660418684102297, 2.3632714200509497, -0.011684901761327637), 'yaw': 1.3656548922388558}]
[debug] into second branch, scenario_name = ConstructionObstacleTwoWays
[debug] current frame is 80
[debug] static object in hazard: {'class': 'traffic_sign', 'id': '49398', 'location': [783.4613647460938, 4917.642578125, 370.8192138671875], 'rotation': [0.0031418867874890566, -0.2827759087085724, 0.26917919516563416], 'bbx_loc': [-1.4464525293078623e-06, 2.5205592919519404e-06, 1.7847644090652466], 'center': [783.4613037109375, 4917.6337890625, 372.60394287109375], 'extent': [1.1884961128234863, 1.4271068572998047, 1.790136694908142], 'world_cord': [[784.6430053710938, 4919.0576171875, 374.40118408203125], [784.6431274414062, 4919.0751953125, 370.8209533691406], [784.6564331054688, 4916.20361328125, 374.3870849609375], [784.6565551757812, 4916.22119140625, 370.8068542480469], [782.2660522460938, 4919.04638671875, 374.40106201171875], [782.2661743164062, 4919.06396484375, 370.8208312988281], [782.2794799804688, 4916.1923828125, 374.386962890625], [782.2796020507812, 4916.2099609375, 370.8067321777344]], 'semantic_tags': [], 'type_id': 'static.prop.trafficwarning', 'distance': 8.495184365197774, 'affects_ego': True, 'road_id': 684, 'lane_id': -2, 'section_id': 0, 'world2sign': [[0.9999889731407166, 0.004698046017438173, 5.483626955538057e-05, -806.5763549804688], [-0.00469825929030776, 0.9999768137931824, 0.004935350734740496, -4915.677734375], [-3.164849476888776e-05, -0.004935553763061762, 0.9999878406524658, -346.51861572265625], [0.0, 0.0, 0.0, 1.0]]}
[debug] static object in hazard: {'class': 'traffic_sign', 'id': '49398', 'location': [783.4613647460938, 4917.642578125, 370.8192138671875], 'rotation': [0.0031418867874890566, -0.2827759087085724, 0.26917919516563416], 'bbx_loc': [-1.4464525293078623e-06, 2.5205592919519404e-06, 1.7847644090652466], 'center': [783.4613037109375, 4917.6337890625, 372.60394287109375], 'extent': [1.1884961128234863, 1.4271068572998047, 1.790136694908142], 'world_cord': [[784.6430053710938, 4919.0576171875, 374.40118408203125], [784.6431274414062, 4919.0751953125, 370.8209533691406], [784.6564331054688, 4916.20361328125, 374.3870849609375], [784.6565551757812, 4916.22119140625, 370.8068542480469], [782.2660522460938, 4919.04638671875, 374.40106201171875], [782.2661743164062, 4919.06396484375, 370.8208312988281], [782.2794799804688, 4916.1923828125, 374.386962890625], [782.2796020507812, 4916.2099609375, 370.8067321777344]], 'semantic_tags': [], 'type_id': 'static.prop.trafficwarning', 'distance': 8.495184365197774, 'affects_ego': True, 'road_id': 684, 'lane_id': -2, 'section_id': 0, 'world2sign': [[0.9999889731407166, 0.004698046017438173, 5.483626955538057e-05, -806.5763549804688], [-0.00469825929030776, 0.9999768137931824, 0.004935350734740496, -4915.677734375], [-3.164849476888776e-05, -0.004935553763061762, 0.9999878406524658, -346.51861572265625], [0.0, 0.0, 0.0, 1.0]]}
[debug] static object in hazard: {'class': 'traffic_sign', 'id': '49399', 'location': [783.5196533203125, 4924.59716796875, 370.8601989746094], 'rotation': [0.0032170189078897238, 0.24150905013084412, 179.59616088867188], 'bbx_loc': [6.183273853821447e-06, -2.0266970750526525e-06, 0.06587956100702286], 'center': [783.5196533203125, 4924.5966796875, 370.92608642578125], 'extent': [0.93359375, 0.7505273222923279, 0.07871093600988388], 'world_cord': [[782.580810546875, 4923.8525390625, 371.0016784667969], [782.580810546875, 4923.853515625, 370.8442687988281], [782.5913696289062, 4925.353515625, 371.00799560546875], [782.5913696289062, 4925.3544921875, 370.8505859375], [784.4479370117188, 4923.83935546875, 371.0015869140625], [784.4479370117188, 4923.84033203125, 370.8441467285156], [784.45849609375, 4925.34033203125, 371.0079040527344], [784.45849609375, 4925.34130859375, 370.8504638671875]], 'semantic_tags': [], 'type_id': 'static.prop.dirtdebris02', 'distance': 15.431823130823403, 'affects_ego': False, 'road_id': 684, 'lane_id': -2, 'section_id': 0, 'world2sign': [[-0.9999751448631287, 0.007048222701996565, 5.614757174043916e-05, 748.7697143554688], [-0.007048396859318018, -0.9999662637710571, -0.0042151156812906265, 4931.5166015625], [2.643660263856873e-05, -0.004215406719595194, 0.9999911189079285, -350.1184387207031], [0.0, 0.0, 0.0, 1.0]]}
[debug] hazardous_actors = [{'class': 'traffic_sign', 'id': '49398', 'location': [783.4613647460938, 4917.642578125, 370.8192138671875], 'rotation': [0.0031418867874890566, -0.2827759087085724, 0.26917919516563416], 'bbx_loc': [-1.4464525293078623e-06, 2.5205592919519404e-06, 1.7847644090652466], 'center': [783.4613037109375, 4917.6337890625, 372.60394287109375], 'extent': [1.1884961128234863, 1.4271068572998047, 1.790136694908142], 'world_cord': [[784.6430053710938, 4919.0576171875, 374.40118408203125], [784.6431274414062, 4919.0751953125, 370.8209533691406], [784.6564331054688, 4916.20361328125, 374.3870849609375], [784.6565551757812, 4916.22119140625, 370.8068542480469], [782.2660522460938, 4919.04638671875, 374.40106201171875], [782.2661743164062, 4919.06396484375, 370.8208312988281], [782.2794799804688, 4916.1923828125, 374.386962890625], [782.2796020507812, 4916.2099609375, 370.8067321777344]], 'semantic_tags': [], 'type_id': 'static.prop.trafficwarning', 'distance': 8.495184365197774, 'affects_ego': True, 'road_id': 684, 'lane_id': -2, 'section_id': 0, 'world2sign': [[0.9999889731407166, 0.004698046017438173, 5.483626955538057e-05, -806.5763549804688], [-0.00469825929030776, 0.9999768137931824, 0.004935350734740496, -4915.677734375], [-3.164849476888776e-05, -0.004935553763061762, 0.9999878406524658, -346.51861572265625], [0.0, 0.0, 0.0, 1.0]], 'position': (7.907061901692032, 3.099432172085926, 0.22723552822321835), 'yaw': 1.285801871165593}]
[debug] current frame is 85
[debug] static object in hazard: {'class': 'traffic_sign', 'id': '49398', 'location': [783.4613647460938, 4917.642578125, 370.8192138671875], 'rotation': [0.0031418867874890566, -0.2827759087085724, 0.26917919516563416], 'bbx_loc': [-1.4464525293078623e-06, 2.5205592919519404e-06, 1.7847644090652466], 'center': [783.4613037109375, 4917.6337890625, 372.60394287109375], 'extent': [1.1884961128234863, 1.4271068572998047, 1.790136694908142], 'world_cord': [[784.6430053710938, 4919.0576171875, 374.40118408203125], [784.6431274414062, 4919.0751953125, 370.8209533691406], [784.6564331054688, 4916.20361328125, 374.3870849609375], [784.6565551757812, 4916.22119140625, 370.8068542480469], [782.2660522460938, 4919.04638671875, 374.40106201171875], [782.2661743164062, 4919.06396484375, 370.8208312988281], [782.2794799804688, 4916.1923828125, 374.386962890625], [782.2796020507812, 4916.2099609375, 370.8067321777344]], 'semantic_tags': [], 'type_id': 'static.prop.trafficwarning', 'distance': 8.47975343532208, 'affects_ego': True, 'road_id': 684, 'lane_id': -2, 'section_id': 0, 'world2sign': [[0.9999889731407166, 0.004698046017438173, 5.483626955538057e-05, -806.5763549804688], [-0.00469825929030776, 0.9999768137931824, 0.004935350734740496, -4915.677734375], [-3.164849476888776e-05, -0.004935553763061762, 0.9999878406524658, -346.51861572265625], [0.0, 0.0, 0.0, 1.0]]}
[debug] static object in hazard: {'class': 'traffic_sign', 'id': '49398', 'location': [783.4613647460938, 4917.642578125, 370.8192138671875], 'rotation': [0.0031418867874890566, -0.2827759087085724, 0.26917919516563416], 'bbx_loc': [-1.4464525293078623e-06, 2.5205592919519404e-06, 1.7847644090652466], 'center': [783.4613037109375, 4917.6337890625, 372.60394287109375], 'extent': [1.1884961128234863, 1.4271068572998047, 1.790136694908142], 'world_cord': [[784.6430053710938, 4919.0576171875, 374.40118408203125], [784.6431274414062, 4919.0751953125, 370.8209533691406], [784.6564331054688, 4916.20361328125, 374.3870849609375], [784.6565551757812, 4916.22119140625, 370.8068542480469], [782.2660522460938, 4919.04638671875, 374.40106201171875], [782.2661743164062, 4919.06396484375, 370.8208312988281], [782.2794799804688, 4916.1923828125, 374.386962890625], [782.2796020507812, 4916.2099609375, 370.8067321777344]], 'semantic_tags': [], 'type_id': 'static.prop.trafficwarning', 'distance': 8.47975343532208, 'affects_ego': True, 'road_id': 684, 'lane_id': -2, 'section_id': 0, 'world2sign': [[0.9999889731407166, 0.004698046017438173, 5.483626955538057e-05, -806.5763549804688], [-0.00469825929030776, 0.9999768137931824, 0.004935350734740496, -4915.677734375], [-3.164849476888776e-05, -0.004935553763061762, 0.9999878406524658, -346.51861572265625], [0.0, 0.0, 0.0, 1.0]]}
[debug] static object in hazard: {'class': 'traffic_sign', 'id': '49399', 'location': [783.5196533203125, 4924.59716796875, 370.8601989746094], 'rotation': [0.0032170189078897238, 0.24150905013084412, 179.59616088867188], 'bbx_loc': [6.183273853821447e-06, -2.0266970750526525e-06, 0.06587956100702286], 'center': [783.5196533203125, 4924.5966796875, 370.92608642578125], 'extent': [0.93359375, 0.7505273222923279, 0.07871093600988388], 'world_cord': [[782.580810546875, 4923.8525390625, 371.0016784667969], [782.580810546875, 4923.853515625, 370.8442687988281], [782.5913696289062, 4925.353515625, 371.00799560546875], [782.5913696289062, 4925.3544921875, 370.8505859375], [784.4479370117188, 4923.83935546875, 371.0015869140625], [784.4479370117188, 4923.84033203125, 370.8441467285156], [784.45849609375, 4925.34033203125, 371.0079040527344], [784.45849609375, 4925.34130859375, 370.8504638671875]], 'semantic_tags': [], 'type_id': 'static.prop.dirtdebris02', 'distance': 15.416040331826638, 'affects_ego': False, 'road_id': 684, 'lane_id': -2, 'section_id': 0, 'world2sign': [[-0.9999751448631287, 0.007048222701996565, 5.614757174043916e-05, 748.7697143554688], [-0.007048396859318018, -0.9999662637710571, -0.0042151156812906265, 4931.5166015625], [2.643660263856873e-05, -0.004215406719595194, 0.9999911189079285, -350.1184387207031], [0.0, 0.0, 0.0, 1.0]]}
