[debug] current frame is 0
[debug] hazardous_actors = []
[debug] current frame is 5
[debug] hazardous_actors = []
[debug] current frame is 10
[debug] hazardous_actors = []
[debug] current frame is 15
[debug] hazardous_actors = []
[debug] current frame is 20
[debug] hazardous_actors = []
[debug] current frame is 25
[debug] hazardous_actors = []
[debug] current frame is 30
[debug] hazardous_actors = []
[debug] current frame is 35
[debug] hazardous_actors = []
[debug] current frame is 40
[debug] hazardous_actors = []
[debug] current frame is 45
[debug] hazardous_actors = []
[debug] current frame is 50
[debug] hazardous_actors = []
[debug] current frame is 55
[debug] hazardous_actors = []
[debug] current frame is 60
[debug] static object in hazard: {'class': 'vehicle', 'state': 'dynamic', 'id': '3697', 'location': [-267.3329772949219, 5018.248046875, 373.8443603515625], 'rotation': [0.002144679194316268, 0.02303263731300831, -81.66500091552734], 'bbx_loc': [-0.002596353180706501, -1.7011911040754057e-05, 0.72035151720047], 'center': [-267.3330993652344, 5018.25048828125, 374.564697265625], 'extent': [2.3368194103240967, 0.9059062600135803, 0.7209736704826355], 'world_cord': [[-266.09771728515625, 5016.06982421875, 375.285400390625], [-266.0982971191406, 5016.06982421875, 373.8434753417969], [-267.890380859375, 5015.80712890625, 375.2861328125], [-267.8909606933594, 5015.80712890625, 373.84417724609375], [-266.77520751953125, 5020.6943359375, 375.2852478027344], [-266.7757873535156, 5020.69384765625, 373.8432922363281], [-268.5679016113281, 5020.431640625, 375.28594970703125], [-268.5684509277344, 5020.431640625, 373.8440246582031]], 'semantic_tags': [14], 'type_id': 'vehicle.mercedes.coupe_2020', 'color': '187,187,187', 'base_type': 'car', 'num_points': 77, 'distance': 19.39975656266584, 'speed': 0.0, 'brake': 0.0, 'light_state': '49', 'road_id': 208, 'lane_id': -1, 'section_id': 0, 'world2vehicle': [[0.14496064186096191, -0.9894374012947083, 3.7431713280966505e-05, 5003.98095703125], [0.9894373416900635, 0.14496061205863953, -0.00040199534851126373, -462.788818359375], [0.00039232312701642513, 9.530983516015112e-05, 0.9999999403953552, -374.2177429199219], [0.0, 0.0, 0.0, 1.0]]}
[debug] static object in hazard: {'class': 'vehicle', 'state': 'dynamic', 'id': '3697', 'location': [-267.3329772949219, 5018.248046875, 373.8443603515625], 'rotation': [0.002144679194316268, 0.02303263731300831, -81.66500091552734], 'bbx_loc': [-0.002596353180706501, -1.7011911040754057e-05, 0.72035151720047], 'center': [-267.3330993652344, 5018.25048828125, 374.564697265625], 'extent': [2.3368194103240967, 0.9059062600135803, 0.7209736704826355], 'world_cord': [[-266.09771728515625, 5016.06982421875, 375.285400390625], [-266.0982971191406, 5016.06982421875, 373.8434753417969], [-267.890380859375, 5015.80712890625, 375.2861328125], [-267.8909606933594, 5015.80712890625, 373.84417724609375], [-266.77520751953125, 5020.6943359375, 375.2852478027344], [-266.7757873535156, 5020.69384765625, 373.8432922363281], [-268.5679016113281, 5020.431640625, 375.28594970703125], [-268.5684509277344, 5020.431640625, 373.8440246582031]], 'semantic_tags': [14], 'type_id': 'vehicle.mercedes.coupe_2020', 'color': '187,187,187', 'base_type': 'car', 'num_points': 77, 'distance': 19.39975656266584, 'speed': 0.0, 'brake': 0.0, 'light_state': '49', 'road_id': 208, 'lane_id': -1, 'section_id': 0, 'world2vehicle': [[0.14496064186096191, -0.9894374012947083, 3.7431713280966505e-05, 5003.98095703125], [0.9894373416900635, 0.14496061205863953, -0.00040199534851126373, -462.788818359375], [0.00039232312701642513, 9.530983516015112e-05, 0.9999999403953552, -374.2177429199219], [0.0, 0.0, 0.0, 1.0]]}
[debug] hazardous_actors = [{'class': 'vehicle', 'state': 'dynamic', 'id': '3697', 'location': [-267.3329772949219, 5018.248046875, 373.8443603515625], 'rotation': [0.002144679194316268, 0.02303263731300831, -81.66500091552734], 'bbx_loc': [-0.002596353180706501, -1.7011911040754057e-05, 0.72035151720047], 'center': [-267.3330993652344, 5018.25048828125, 374.564697265625], 'extent': [2.3368194103240967, 0.9059062600135803, 0.7209736704826355], 'world_cord': [[-266.09771728515625, 5016.06982421875, 375.285400390625], [-266.0982971191406, 5016.06982421875, 373.8434753417969], [-267.890380859375, 5015.80712890625, 375.2861328125], [-267.8909606933594, 5015.80712890625, 373.84417724609375], [-266.77520751953125, 5020.6943359375, 375.2852478027344], [-266.7757873535156, 5020.69384765625, 373.8432922363281], [-268.5679016113281, 5020.431640625, 375.28594970703125], [-268.5684509277344, 5020.431640625, 373.8440246582031]], 'semantic_tags': [14], 'type_id': 'vehicle.mercedes.coupe_2020', 'color': '187,187,187', 'base_type': 'car', 'num_points': 77, 'distance': 19.39975656266584, 'speed': 0.0, 'brake': 0.0, 'light_state': '49', 'road_id': 208, 'lane_id': -1, 'section_id': 0, 'world2vehicle': [[0.14496064186096191, -0.9894374012947083, 3.7431713280966505e-05, 5003.98095703125], [0.9894373416900635, 0.14496061205863953, -0.00040199534851126373, -462.788818359375], [0.00039232312701642513, 9.530983516015112e-05, 0.9999999403953552, -374.2177429199219], [0.0, 0.0, 0.0, 1.0]], 'position': (19.046267374687886, -3.6876587025071785, -0.036935717652966105), 'yaw': -0.9760876214030377, 'color_rgb': None, 'color_name': None, 'lane_type': carla.libcarla.LaneType.Shoulder, 'lane_type_str': 'Shoulder', 'is_in_junction': False, 'junction_id': -1, 'distance_to_junction': 61.37210464477539, 'next_junction_id': 4766, 'next_road_ids': [4788], 'next_next_road_ids': [80], 'same_road_as_ego': True, 'same_direction_as_ego': True, 'lane_relative_to_ego': 1, 'steer': 0.0, 'vehicle_cuts_in': False}]
[debug] delta = 1.2 left_most = {'3697': -3.6876587025071785}
[debug] into second branch, scenario_name = ParkedObstacleTwoWays
[debug] current frame is 65
[debug] static object in hazard: {'class': 'vehicle', 'state': 'dynamic', 'id': '3697', 'location': [-267.3329772949219, 5018.248046875, 373.8443603515625], 'rotation': [0.002144679194316268, 0.02303263731300831, -81.66500091552734], 'bbx_loc': [-0.002596353180706501, -1.7011911040754057e-05, 0.72035151720047], 'center': [-267.3330993652344, 5018.25048828125, 374.564697265625], 'extent': [2.3368194103240967, 0.9059062600135803, 0.7209736704826355], 'world_cord': [[-266.09771728515625, 5016.06982421875, 375.285400390625], [-266.0982971191406, 5016.06982421875, 373.8434753417969], [-267.890380859375, 5015.80712890625, 375.2861328125], [-267.8909606933594, 5015.80712890625, 373.84417724609375], [-266.77520751953125, 5020.6943359375, 375.2852478027344], [-266.7757873535156, 5020.69384765625, 373.8432922363281], [-268.5679016113281, 5020.431640625, 375.28594970703125], [-268.5684509277344, 5020.431640625, 373.8440246582031]], 'semantic_tags': [14], 'type_id': 'vehicle.mercedes.coupe_2020', 'color': '187,187,187', 'base_type': 'car', 'num_points': 101, 'distance': 15.522296785372825, 'speed': 0.0, 'brake': 0.0, 'light_state': '49', 'road_id': 208, 'lane_id': -1, 'section_id': 0, 'world2vehicle': [[0.14496064186096191, -0.9894374012947083, 3.7431713280966505e-05, 5003.98095703125], [0.9894373416900635, 0.14496061205863953, -0.00040199534851126373, -462.788818359375], [0.00039232312701642513, 9.530983516015112e-05, 0.9999999403953552, -374.2177429199219], [0.0, 0.0, 0.0, 1.0]]}
[debug] static object in hazard: {'class': 'vehicle', 'state': 'dynamic', 'id': '3697', 'location': [-267.3329772949219, 5018.248046875, 373.8443603515625], 'rotation': [0.002144679194316268, 0.02303263731300831, -81.66500091552734], 'bbx_loc': [-0.002596353180706501, -1.7011911040754057e-05, 0.72035151720047], 'center': [-267.3330993652344, 5018.25048828125, 374.564697265625], 'extent': [2.3368194103240967, 0.9059062600135803, 0.7209736704826355], 'world_cord': [[-266.09771728515625, 5016.06982421875, 375.285400390625], [-266.0982971191406, 5016.06982421875, 373.8434753417969], [-267.890380859375, 5015.80712890625, 375.2861328125], [-267.8909606933594, 5015.80712890625, 373.84417724609375], [-266.77520751953125, 5020.6943359375, 375.2852478027344], [-266.7757873535156, 5020.69384765625, 373.8432922363281], [-268.5679016113281, 5020.431640625, 375.28594970703125], [-268.5684509277344, 5020.431640625, 373.8440246582031]], 'semantic_tags': [14], 'type_id': 'vehicle.mercedes.coupe_2020', 'color': '187,187,187', 'base_type': 'car', 'num_points': 101, 'distance': 15.522296785372825, 'speed': 0.0, 'brake': 0.0, 'light_state': '49', 'road_id': 208, 'lane_id': -1, 'section_id': 0, 'world2vehicle': [[0.14496064186096191, -0.9894374012947083, 3.7431713280966505e-05, 5003.98095703125], [0.9894373416900635, 0.14496061205863953, -0.00040199534851126373, -462.788818359375], [0.00039232312701642513, 9.530983516015112e-05, 0.9999999403953552, -374.2177429199219], [0.0, 0.0, 0.0, 1.0]]}
[debug] hazardous_actors = [{'class': 'vehicle', 'state': 'dynamic', 'id': '3697', 'location': [-267.3329772949219, 5018.248046875, 373.8443603515625], 'rotation': [0.002144679194316268, 0.02303263731300831, -81.66500091552734], 'bbx_loc': [-0.002596353180706501, -1.7011911040754057e-05, 0.72035151720047], 'center': [-267.3330993652344, 5018.25048828125, 374.564697265625], 'extent': [2.3368194103240967, 0.9059062600135803, 0.7209736704826355], 'world_cord': [[-266.09771728515625, 5016.06982421875, 375.285400390625], [-266.0982971191406, 5016.06982421875, 373.8434753417969], [-267.890380859375, 5015.80712890625, 375.2861328125], [-267.8909606933594, 5015.80712890625, 373.84417724609375], [-266.77520751953125, 5020.6943359375, 375.2852478027344], [-266.7757873535156, 5020.69384765625, 373.8432922363281], [-268.5679016113281, 5020.431640625, 375.28594970703125], [-268.5684509277344, 5020.431640625, 373.8440246582031]], 'semantic_tags': [14], 'type_id': 'vehicle.mercedes.coupe_2020', 'color': '187,187,187', 'base_type': 'car', 'num_points': 101, 'distance': 15.522296785372825, 'speed': 0.0, 'brake': 0.0, 'light_state': '49', 'road_id': 208, 'lane_id': -1, 'section_id': 0, 'world2vehicle': [[0.14496064186096191, -0.9894374012947083, 3.7431713280966505e-05, 5003.98095703125], [0.9894373416900635, 0.14496061205863953, -0.00040199534851126373, -462.788818359375], [0.00039232312701642513, 9.530983516015112e-05, 0.9999999403953552, -374.2177429199219], [0.0, 0.0, 0.0, 1.0]], 'position': (15.344657909869966, -2.341912288793992, -0.004501686371639835), 'yaw': -1.052540451554542, 'color_rgb': None, 'color_name': None, 'lane_type': carla.libcarla.LaneType.Shoulder, 'lane_type_str': 'Shoulder', 'is_in_junction': False, 'junction_id': -1, 'distance_to_junction': 61.37210464477539, 'next_junction_id': 4766, 'next_road_ids': [4788], 'next_next_road_ids': [80], 'same_road_as_ego': True, 'same_direction_as_ego': True, 'lane_relative_to_ego': 1, 'steer': 0.0, 'vehicle_cuts_in': False}]
[debug] delta = 1.2 left_most = {'3697': -3.6876587025071785}
[debug] into second branch, scenario_name = ParkedObstacleTwoWays
[debug] current frame is 70
[debug] static object in hazard: {'class': 'vehicle', 'state': 'dynamic', 'id': '3697', 'location': [-267.3329772949219, 5018.248046875, 373.8443603515625], 'rotation': [0.002144679194316268, 0.02303263731300831, -81.66500091552734], 'bbx_loc': [-0.002596353180706501, -1.7011911040754057e-05, 0.72035151720047], 'center': [-267.3330993652344, 5018.25048828125, 374.564697265625], 'extent': [2.3368194103240967, 0.9059062600135803, 0.7209736704826355], 'world_cord': [[-266.09771728515625, 5016.06982421875, 375.285400390625], [-266.0982971191406, 5016.06982421875, 373.8434753417969], [-267.890380859375, 5015.80712890625, 375.2861328125], [-267.8909606933594, 5015.80712890625, 373.84417724609375], [-266.77520751953125, 5020.6943359375, 375.2852478027344], [-266.7757873535156, 5020.69384765625, 373.8432922363281], [-268.5679016113281, 5020.431640625, 375.28594970703125], [-268.5684509277344, 5020.431640625, 373.8440246582031]], 'semantic_tags': [14], 'type_id': 'vehicle.mercedes.coupe_2020', 'color': '187,187,187', 'base_type': 'car', 'num_points': 213, 'distance': 11.626281277998268, 'speed': 0.0, 'brake': 0.0, 'light_state': '49', 'road_id': 208, 'lane_id': -1, 'section_id': 0, 'world2vehicle': [[0.14496064186096191, -0.9894374012947083, 3.7431713280966505e-05, 5003.98095703125], [0.9894373416900635, 0.14496061205863953, -0.00040199534851126373, -462.788818359375], [0.00039232312701642513, 9.530983516015112e-05, 0.9999999403953552, -374.2177429199219], [0.0, 0.0, 0.0, 1.0]]}
[debug] static object in hazard: {'class': 'vehicle', 'state': 'dynamic', 'id': '3697', 'location': [-267.3329772949219, 5018.248046875, 373.8443603515625], 'rotation': [0.002144679194316268, 0.02303263731300831, -81.66500091552734], 'bbx_loc': [-0.002596353180706501, -1.7011911040754057e-05, 0.72035151720047], 'center': [-267.3330993652344, 5018.25048828125, 374.564697265625], 'extent': [2.3368194103240967, 0.9059062600135803, 0.7209736704826355], 'world_cord': [[-266.09771728515625, 5016.06982421875, 375.285400390625], [-266.0982971191406, 5016.06982421875, 373.8434753417969], [-267.890380859375, 5015.80712890625, 375.2861328125], [-267.8909606933594, 5015.80712890625, 373.84417724609375], [-266.77520751953125, 5020.6943359375, 375.2852478027344], [-266.7757873535156, 5020.69384765625, 373.8432922363281], [-268.5679016113281, 5020.431640625, 375.28594970703125], [-268.5684509277344, 5020.431640625, 373.8440246582031]], 'semantic_tags': [14], 'type_id': 'vehicle.mercedes.coupe_2020', 'color': '187,187,187', 'base_type': 'car', 'num_points': 213, 'distance': 11.626281277998268, 'speed': 0.0, 'brake': 0.0, 'light_state': '49', 'road_id': 208, 'lane_id': -1, 'section_id': 0, 'world2vehicle': [[0.14496064186096191, -0.9894374012947083, 3.7431713280966505e-05, 5003.98095703125], [0.9894373416900635, 0.14496061205863953, -0.00040199534851126373, -462.788818359375], [0.00039232312701642513, 9.530983516015112e-05, 0.9999999403953552, -374.2177429199219], [0.0, 0.0, 0.0, 1.0]]}
[debug] hazardous_actors = [{'class': 'vehicle', 'state': 'dynamic', 'id': '3697', 'location': [-267.3329772949219, 5018.248046875, 373.8443603515625], 'rotation': [0.002144679194316268, 0.02303263731300831, -81.66500091552734], 'bbx_loc': [-0.002596353180706501, -1.7011911040754057e-05, 0.72035151720047], 'center': [-267.3330993652344, 5018.25048828125, 374.564697265625], 'extent': [2.3368194103240967, 0.9059062600135803, 0.7209736704826355], 'world_cord': [[-266.09771728515625, 5016.06982421875, 375.285400390625], [-266.0982971191406, 5016.06982421875, 373.8434753417969], [-267.890380859375, 5015.80712890625, 375.2861328125], [-267.8909606933594, 5015.80712890625, 373.84417724609375], [-266.77520751953125, 5020.6943359375, 375.2852478027344], [-266.7757873535156, 5020.69384765625, 373.8432922363281], [-268.5679016113281, 5020.431640625, 375.28594970703125], [-268.5684509277344, 5020.431640625, 373.8440246582031]], 'semantic_tags': [14], 'type_id': 'vehicle.mercedes.coupe_2020', 'color': '187,187,187', 'base_type': 'car', 'num_points': 213, 'distance': 11.626281277998268, 'speed': 0.0, 'brake': 0.0, 'light_state': '49', 'road_id': 208, 'lane_id': -1, 'section_id': 0, 'world2vehicle': [[0.14496064186096191, -0.9894374012947083, 3.7431713280966505e-05, 5003.98095703125], [0.9894373416900635, 0.14496061205863953, -0.00040199534851126373, -462.788818359375], [0.00039232312701642513, 9.530983516015112e-05, 0.9999999403953552, -374.2177429199219], [0.0, 0.0, 0.0, 1.0]], 'position': (11.620271731749199, -0.3676435530655908, 0.009063846012708154), 'yaw': -1.187461984753327, 'color_rgb': None, 'color_name': None, 'lane_type': carla.libcarla.LaneType.Shoulder, 'lane_type_str': 'Shoulder', 'is_in_junction': False, 'junction_id': -1, 'distance_to_junction': 61.37210464477539, 'next_junction_id': 4766, 'next_road_ids': [4788], 'next_next_road_ids': [80], 'same_road_as_ego': True, 'same_direction_as_ego': True, 'lane_relative_to_ego': 1, 'steer': 0.0, 'vehicle_cuts_in': False}]
[debug] delta = 1.2 left_most = {'3697': -3.6876587025071785}
[debug] into second branch, scenario_name = ParkedObstacleTwoWays
[debug] current frame is 75
[debug] static object in hazard: {'class': 'vehicle', 'state': 'dynamic', 'id': '3697', 'location': [-267.3329772949219, 5018.248046875, 373.8443603515625], 'rotation': [0.002144679194316268, 0.02303263731300831, -81.66500091552734], 'bbx_loc': [-0.002596353180706501, -1.7011911040754057e-05, 0.72035151720047], 'center': [-267.3330993652344, 5018.25048828125, 374.564697265625], 'extent': [2.3368194103240967, 0.9059062600135803, 0.7209736704826355], 'world_cord': [[-266.09771728515625, 5016.06982421875, 375.285400390625], [-266.0982971191406, 5016.06982421875, 373.8434753417969], [-267.890380859375, 5015.80712890625, 375.2861328125], [-267.8909606933594, 5015.80712890625, 373.84417724609375], [-266.77520751953125, 5020.6943359375, 375.2852478027344], [-266.7757873535156, 5020.69384765625, 373.8432922363281], [-268.5679016113281, 5020.431640625, 375.28594970703125], [-268.5684509277344, 5020.431640625, 373.8440246582031]], 'semantic_tags': [14], 'type_id': 'vehicle.mercedes.coupe_2020', 'color': '187,187,187', 'base_type': 'car', 'num_points': 387, 'distance': 8.97929939578527, 'speed': 0.0, 'brake': 0.0, 'light_state': '49', 'road_id': 208, 'lane_id': -1, 'section_id': 0, 'world2vehicle': [[0.14496064186096191, -0.9894374012947083, 3.7431713280966505e-05, 5003.98095703125], [0.9894373416900635, 0.14496061205863953, -0.00040199534851126373, -462.788818359375], [0.00039232312701642513, 9.530983516015112e-05, 0.9999999403953552, -374.2177429199219], [0.0, 0.0, 0.0, 1.0]]}
[debug] static object in hazard: {'class': 'vehicle', 'state': 'dynamic', 'id': '3697', 'location': [-267.3329772949219, 5018.248046875, 373.8443603515625], 'rotation': [0.002144679194316268, 0.02303263731300831, -81.66500091552734], 'bbx_loc': [-0.002596353180706501, -1.7011911040754057e-05, 0.72035151720047], 'center': [-267.3330993652344, 5018.25048828125, 374.564697265625], 'extent': [2.3368194103240967, 0.9059062600135803, 0.7209736704826355], 'world_cord': [[-266.09771728515625, 5016.06982421875, 375.285400390625], [-266.0982971191406, 5016.06982421875, 373.8434753417969], [-267.890380859375, 5015.80712890625, 375.2861328125], [-267.8909606933594, 5015.80712890625, 373.84417724609375], [-266.77520751953125, 5020.6943359375, 375.2852478027344], [-266.7757873535156, 5020.69384765625, 373.8432922363281], [-268.5679016113281, 5020.431640625, 375.28594970703125], [-268.5684509277344, 5020.431640625, 373.8440246582031]], 'semantic_tags': [14], 'type_id': 'vehicle.mercedes.coupe_2020', 'color': '187,187,187', 'base_type': 'car', 'num_points': 387, 'distance': 8.97929939578527, 'speed': 0.0, 'brake': 0.0, 'light_state': '49', 'road_id': 208, 'lane_id': -1, 'section_id': 0, 'world2vehicle': [[0.14496064186096191, -0.9894374012947083, 3.7431713280966505e-05, 5003.98095703125], [0.9894373416900635, 0.14496061205863953, -0.00040199534851126373, -462.788818359375], [0.00039232312701642513, 9.530983516015112e-05, 0.9999999403953552, -374.2177429199219], [0.0, 0.0, 0.0, 1.0]]}
[debug] hazardous_actors = [{'class': 'vehicle', 'state': 'dynamic', 'id': '3697', 'location': [-267.3329772949219, 5018.248046875, 373.8443603515625], 'rotation': [0.002144679194316268, 0.02303263731300831, -81.66500091552734], 'bbx_loc': [-0.002596353180706501, -1.7011911040754057e-05, 0.72035151720047], 'center': [-267.3330993652344, 5018.25048828125, 374.564697265625], 'extent': [2.3368194103240967, 0.9059062600135803, 0.7209736704826355], 'world_cord': [[-266.09771728515625, 5016.06982421875, 375.285400390625], [-266.0982971191406, 5016.06982421875, 373.8434753417969], [-267.890380859375, 5015.80712890625, 375.2861328125], [-267.8909606933594, 5015.80712890625, 373.84417724609375], [-266.77520751953125, 5020.6943359375, 375.2852478027344], [-266.7757873535156, 5020.69384765625, 373.8432922363281], [-268.5679016113281, 5020.431640625, 375.28594970703125], [-268.5684509277344, 5020.431640625, 373.8440246582031]], 'semantic_tags': [14], 'type_id': 'vehicle.mercedes.coupe_2020', 'color': '187,187,187', 'base_type': 'car', 'num_points': 387, 'distance': 8.97929939578527, 'speed': 0.0, 'brake': 0.0, 'light_state': '49', 'road_id': 208, 'lane_id': -1, 'section_id': 0, 'world2vehicle': [[0.14496064186096191, -0.9894374012947083, 3.7431713280966505e-05, 5003.98095703125], [0.9894373416900635, 0.14496061205863953, -0.00040199534851126373, -462.788818359375], [0.00039232312701642513, 9.530983516015112e-05, 0.9999999403953552, -374.2177429199219], [0.0, 0.0, 0.0, 1.0]], 'position': (8.963098085723686, 0.46543666273441886, 0.2673140231440527), 'yaw': -1.2682103605850745, 'color_rgb': None, 'color_name': None, 'lane_type': carla.libcarla.LaneType.Shoulder, 'lane_type_str': 'Shoulder', 'is_in_junction': False, 'junction_id': -1, 'distance_to_junction': 61.37210464477539, 'next_junction_id': 4766, 'next_road_ids': [4788], 'next_next_road_ids': [80], 'same_road_as_ego': True, 'same_direction_as_ego': True, 'lane_relative_to_ego': 1, 'steer': 0.0, 'vehicle_cuts_in': False}]
[debug] delta = 1.2 left_most = {'3697': -3.6876587025071785}
[debug] into second branch, scenario_name = ParkedObstacleTwoWays
[debug] current frame is 80
[debug] static object in hazard: {'class': 'vehicle', 'state': 'dynamic', 'id': '3697', 'location': [-267.3329772949219, 5018.248046875, 373.8443603515625], 'rotation': [0.002144679194316268, 0.02303263731300831, -81.66500091552734], 'bbx_loc': [-0.002596353180706501, -1.7011911040754057e-05, 0.72035151720047], 'center': [-267.3330993652344, 5018.25048828125, 374.564697265625], 'extent': [2.3368194103240967, 0.9059062600135803, 0.7209736704826355], 'world_cord': [[-266.09771728515625, 5016.06982421875, 375.285400390625], [-266.0982971191406, 5016.06982421875, 373.8434753417969], [-267.890380859375, 5015.80712890625, 375.2861328125], [-267.8909606933594, 5015.80712890625, 373.84417724609375], [-266.77520751953125, 5020.6943359375, 375.2852478027344], [-266.7757873535156, 5020.69384765625, 373.8432922363281], [-268.5679016113281, 5020.431640625, 375.28594970703125], [-268.5684509277344, 5020.431640625, 373.8440246582031]], 'semantic_tags': [14], 'type_id': 'vehicle.mercedes.coupe_2020', 'color': '187,187,187', 'base_type': 'car', 'num_points': 382, 'distance': 8.814636696888837, 'speed': 0.0, 'brake': 0.0, 'light_state': '49', 'road_id': 208, 'lane_id': -1, 'section_id': 0, 'world2vehicle': [[0.14496064186096191, -0.9894374012947083, 3.7431713280966505e-05, 5003.98095703125], [0.9894373416900635, 0.14496061205863953, -0.00040199534851126373, -462.788818359375], [0.00039232312701642513, 9.530983516015112e-05, 0.9999999403953552, -374.2177429199219], [0.0, 0.0, 0.0, 1.0]]}
[debug] static object in hazard: {'class': 'vehicle', 'state': 'dynamic', 'id': '3697', 'location': [-267.3329772949219, 5018.248046875, 373.8443603515625], 'rotation': [0.002144679194316268, 0.02303263731300831, -81.66500091552734], 'bbx_loc': [-0.002596353180706501, -1.7011911040754057e-05, 0.72035151720047], 'center': [-267.3330993652344, 5018.25048828125, 374.564697265625], 'extent': [2.3368194103240967, 0.9059062600135803, 0.7209736704826355], 'world_cord': [[-266.09771728515625, 5016.06982421875, 375.285400390625], [-266.0982971191406, 5016.06982421875, 373.8434753417969], [-267.890380859375, 5015.80712890625, 375.2861328125], [-267.8909606933594, 5015.80712890625, 373.84417724609375], [-266.77520751953125, 5020.6943359375, 375.2852478027344], [-266.7757873535156, 5020.69384765625, 373.8432922363281], [-268.5679016113281, 5020.431640625, 375.28594970703125], [-268.5684509277344, 5020.431640625, 373.8440246582031]], 'semantic_tags': [14], 'type_id': 'vehicle.mercedes.coupe_2020', 'color': '187,187,187', 'base_type': 'car', 'num_points': 382, 'distance': 8.814636696888837, 'speed': 0.0, 'brake': 0.0, 'light_state': '49', 'road_id': 208, 'lane_id': -1, 'section_id': 0, 'world2vehicle': [[0.14496064186096191, -0.9894374012947083, 3.7431713280966505e-05, 5003.98095703125], [0.9894373416900635, 0.14496061205863953, -0.00040199534851126373, -462.788818359375], [0.00039232312701642513, 9.530983516015112e-05, 0.9999999403953552, -374.2177429199219], [0.0, 0.0, 0.0, 1.0]]}
[debug] hazardous_actors = [{'class': 'vehicle', 'state': 'dynamic', 'id': '3697', 'location': [-267.3329772949219, 5018.248046875, 373.8443603515625], 'rotation': [0.002144679194316268, 0.02303263731300831, -81.66500091552734], 'bbx_loc': [-0.002596353180706501, -1.7011911040754057e-05, 0.72035151720047], 'center': [-267.3330993652344, 5018.25048828125, 374.564697265625], 'extent': [2.3368194103240967, 0.9059062600135803, 0.7209736704826355], 'world_cord': [[-266.09771728515625, 5016.06982421875, 375.285400390625], [-266.0982971191406, 5016.06982421875, 373.8434753417969], [-267.890380859375, 5015.80712890625, 375.2861328125], [-267.8909606933594, 5015.80712890625, 373.84417724609375], [-266.77520751953125, 5020.6943359375, 375.2852478027344], [-266.7757873535156, 5020.69384765625, 373.8432922363281], [-268.5679016113281, 5020.431640625, 375.28594970703125], [-268.5684509277344, 5020.431640625, 373.8440246582031]], 'semantic_tags': [14], 'type_id': 'vehicle.mercedes.coupe_2020', 'color': '187,187,187', 'base_type': 'car', 'num_points': 382, 'distance': 8.814636696888837, 'speed': 0.0, 'brake': 0.0, 'light_state': '49', 'road_id': 208, 'lane_id': -1, 'section_id': 0, 'world2vehicle': [[0.14496064186096191, -0.9894374012947083, 3.7431713280966505e-05, 5003.98095703125], [0.9894373416900635, 0.14496061205863953, -0.00040199534851126373, -462.788818359375], [0.00039232312701642513, 9.530983516015112e-05, 0.9999999403953552, -374.2177429199219], [0.0, 0.0, 0.0, 1.0]], 'position': (8.798215187135611, 0.5358746573251665, 0.04748544604792926), 'yaw': -1.2750859767293867, 'color_rgb': None, 'color_name': None, 'lane_type': carla.libcarla.LaneType.Shoulder, 'lane_type_str': 'Shoulder', 'is_in_junction': False, 'junction_id': -1, 'distance_to_junction': 61.37210464477539, 'next_junction_id': 4766, 'next_road_ids': [4788], 'next_next_road_ids': [80], 'same_road_as_ego': True, 'same_direction_as_ego': True, 'lane_relative_to_ego': 1, 'steer': 0.0, 'vehicle_cuts_in': False}]
[debug] delta = 1.2 left_most = {'3697': -3.6876587025071785}
[debug] into second branch, scenario_name = ParkedObstacleTwoWays
[debug] current frame is 85
[debug] static object in hazard: {'class': 'vehicle', 'state': 'dynamic', 'id': '3697', 'location': [-267.3329772949219, 5018.248046875, 373.8443603515625], 'rotation': [0.002144679194316268, 0.02303263731300831, -81.66500091552734], 'bbx_loc': [-0.002596353180706501, -1.7011911040754057e-05, 0.72035151720047], 'center': [-267.3330993652344, 5018.25048828125, 374.564697265625], 'extent': [2.3368194103240967, 0.9059062600135803, 0.7209736704826355], 'world_cord': [[-266.09771728515625, 5016.06982421875, 375.285400390625], [-266.0982971191406, 5016.06982421875, 373.8434753417969], [-267.890380859375, 5015.80712890625, 375.2861328125], [-267.8909606933594, 5015.80712890625, 373.84417724609375], [-266.77520751953125, 5020.6943359375, 375.2852478027344], [-266.7757873535156, 5020.69384765625, 373.8432922363281], [-268.5679016113281, 5020.431640625, 375.28594970703125], [-268.5684509277344, 5020.431640625, 373.8440246582031]], 'semantic_tags': [14], 'type_id': 'vehicle.mercedes.coupe_2020', 'color': '187,187,187', 'base_type': 'car', 'num_points': 390, 'distance': 8.64575052970948, 'speed': 0.0, 'brake': 0.0, 'light_state': '49', 'road_id': 208, 'lane_id': -1, 'section_id': 0, 'world2vehicle': [[0.14496064186096191, -0.9894374012947083, 3.7431713280966505e-05, 5003.98095703125], [0.9894373416900635, 0.14496061205863953, -0.00040199534851126373, -462.788818359375], [0.00039232312701642513, 9.530983516015112e-05, 0.9999999403953552, -374.2177429199219], [0.0, 0.0, 0.0, 1.0]]}
[debug] static object in hazard: {'class': 'vehicle', 'state': 'dynamic', 'id': '3697', 'location': [-267.3329772949219, 5018.248046875, 373.8443603515625], 'rotation': [0.002144679194316268, 0.02303263731300831, -81.66500091552734], 'bbx_loc': [-0.002596353180706501, -1.7011911040754057e-05, 0.72035151720047], 'center': [-267.3330993652344, 5018.25048828125, 374.564697265625], 'extent': [2.3368194103240967, 0.9059062600135803, 0.7209736704826355], 'world_cord': [[-266.09771728515625, 5016.06982421875, 375.285400390625], [-266.0982971191406, 5016.06982421875, 373.8434753417969], [-267.890380859375, 5015.80712890625, 375.2861328125], [-267.8909606933594, 5015.80712890625, 373.84417724609375], [-266.77520751953125, 5020.6943359375, 375.2852478027344], [-266.7757873535156, 5020.69384765625, 373.8432922363281], [-268.5679016113281, 5020.431640625, 375.28594970703125], [-268.5684509277344, 5020.431640625, 373.8440246582031]], 'semantic_tags': [14], 'type_id': 'vehicle.mercedes.coupe_2020', 'color': '187,187,187', 'base_type': 'car', 'num_points': 390, 'distance': 8.64575052970948, 'speed': 0.0, 'brake': 0.0, 'light_state': '49', 'road_id': 208, 'lane_id': -1, 'section_id': 0, 'world2vehicle': [[0.14496064186096191, -0.9894374012947083, 3.7431713280966505e-05, 5003.98095703125], [0.9894373416900635, 0.14496061205863953, -0.00040199534851126373, -462.788818359375], [0.00039232312701642513, 9.530983516015112e-05, 0.9999999403953552, -374.2177429199219], [0.0, 0.0, 0.0, 1.0]]}
[debug] hazardous_actors = [{'class': 'vehicle', 'state': 'dynamic', 'id': '3697', 'location': [-267.3329772949219, 5018.248046875, 373.8443603515625], 'rotation': [0.002144679194316268, 0.02303263731300831, -81.66500091552734], 'bbx_loc': [-0.002596353180706501, -1.7011911040754057e-05, 0.72035151720047], 'center': [-267.3330993652344, 5018.25048828125, 374.564697265625], 'extent': [2.3368194103240967, 0.9059062600135803, 0.7209736704826355], 'world_cord': [[-266.09771728515625, 5016.06982421875, 375.285400390625], [-266.0982971191406, 5016.06982421875, 373.8434753417969], [-267.890380859375, 5015.80712890625, 375.2861328125], [-267.8909606933594, 5015.80712890625, 373.84417724609375], [-266.77520751953125, 5020.6943359375, 375.2852478027344], [-266.7757873535156, 5020.69384765625, 373.8432922363281], [-268.5679016113281, 5020.431640625, 375.28594970703125], [-268.5684509277344, 5020.431640625, 373.8440246582031]], 'semantic_tags': [14], 'type_id': 'vehicle.mercedes.coupe_2020', 'color': '187,187,187', 'base_type': 'car', 'num_points': 390, 'distance': 8.64575052970948, 'speed': 0.0, 'brake': 0.0, 'light_state': '49', 'road_id': 208, 'lane_id': -1, 'section_id': 0, 'world2vehicle': [[0.14496064186096191, -0.9894374012947083, 3.7431713280966505e-05, 5003.98095703125], [0.9894373416900635, 0.14496061205863953, -0.00040199534851126373, -462.788818359375], [0.00039232312701642513, 9.530983516015112e-05, 0.9999999403953552, -374.2177429199219], [0.0, 0.0, 0.0, 1.0]], 'position': (8.62423039253008, 0.6069121893599458, 0.010857630503701365), 'yaw': -1.2820960825087477, 'color_rgb': None, 'color_name': None, 'lane_type': carla.libcarla.LaneType.Shoulder, 'lane_type_str': 'Shoulder', 'is_in_junction': False, 'junction_id': -1, 'distance_to_junction': 61.37210464477539, 'next_junction_id': 4766, 'next_road_ids': [4788], 'next_next_road_ids': [80], 'same_road_as_ego': True, 'same_direction_as_ego': True, 'lane_relative_to_ego': 1, 'steer': 0.0, 'vehicle_cuts_in': False}]
[debug] delta = 1.2 left_most = {'3697': -3.6876587025071785}
[debug] into second branch, scenario_name = ParkedObstacleTwoWays
[debug] current frame is 90
[debug] static object in hazard: {'class': 'vehicle', 'state': 'dynamic', 'id': '3697', 'location': [-267.3329772949219, 5018.248046875, 373.8443603515625], 'rotation': [0.002144679194316268, 0.02303263731300831, -81.66500091552734], 'bbx_loc': [-0.002596353180706501, -1.7011911040754057e-05, 0.72035151720047], 'center': [-267.3330993652344, 5018.25048828125, 374.564697265625], 'extent': [2.3368194103240967, 0.9059062600135803, 0.7209736704826355], 'world_cord': [[-266.09771728515625, 5016.06982421875, 375.285400390625], [-266.0982971191406, 5016.06982421875, 373.8434753417969], [-267.890380859375, 5015.80712890625, 375.2861328125], [-267.8909606933594, 5015.80712890625, 373.84417724609375], [-266.77520751953125, 5020.6943359375, 375.2852478027344], [-266.7757873535156, 5020.69384765625, 373.8432922363281], [-268.5679016113281, 5020.431640625, 375.28594970703125], [-268.5684509277344, 5020.431640625, 373.8440246582031]], 'semantic_tags': [14], 'type_id': 'vehicle.mercedes.coupe_2020', 'color': '187,187,187', 'base_type': 'car', 'num_points': 398, 'distance': 8.554776112922724, 'speed': 0.0, 'brake': 0.0, 'light_state': '49', 'road_id': 208, 'lane_id': -1, 'section_id': 0, 'world2vehicle': [[0.14496064186096191, -0.9894374012947083, 3.7431713280966505e-05, 5003.98095703125], [0.9894373416900635, 0.14496061205863953, -0.00040199534851126373, -462.788818359375], [0.00039232312701642513, 9.530983516015112e-05, 0.9999999403953552, -374.2177429199219], [0.0, 0.0, 0.0, 1.0]]}
[debug] static object in hazard: {'class': 'vehicle', 'state': 'dynamic', 'id': '3697', 'location': [-267.3329772949219, 5018.248046875, 373.8443603515625], 'rotation': [0.002144679194316268, 0.02303263731300831, -81.66500091552734], 'bbx_loc': [-0.002596353180706501, -1.7011911040754057e-05, 0.72035151720047], 'center': [-267.3330993652344, 5018.25048828125, 374.564697265625], 'extent': [2.3368194103240967, 0.9059062600135803, 0.7209736704826355], 'world_cord': [[-266.09771728515625, 5016.06982421875, 375.285400390625], [-266.0982971191406, 5016.06982421875, 373.8434753417969], [-267.890380859375, 5015.80712890625, 375.2861328125], [-267.8909606933594, 5015.80712890625, 373.84417724609375], [-266.77520751953125, 5020.6943359375, 375.2852478027344], [-266.7757873535156, 5020.69384765625, 373.8432922363281], [-268.5679016113281, 5020.431640625, 375.28594970703125], [-268.5684509277344, 5020.431640625, 373.8440246582031]], 'semantic_tags': [14], 'type_id': 'vehicle.mercedes.coupe_2020', 'color': '187,187,187', 'base_type': 'car', 'num_points': 398, 'distance': 8.554776112922724, 'speed': 0.0, 'brake': 0.0, 'light_state': '49', 'road_id': 208, 'lane_id': -1, 'section_id': 0, 'world2vehicle': [[0.14496064186096191, -0.9894374012947083, 3.7431713280966505e-05, 5003.98095703125], [0.9894373416900635, 0.14496061205863953, -0.00040199534851126373, -462.788818359375], [0.00039232312701642513, 9.530983516015112e-05, 0.9999999403953552, -374.2177429199219], [0.0, 0.0, 0.0, 1.0]]}
[debug] hazardous_actors = [{'class': 'vehicle', 'state': 'dynamic', 'id': '3697', 'location': [-267.3329772949219, 5018.248046875, 373.8443603515625], 'rotation': [0.002144679194316268, 0.02303263731300831, -81.66500091552734], 'bbx_loc': [-0.002596353180706501, -1.7011911040754057e-05, 0.72035151720047], 'center': [-267.3330993652344, 5018.25048828125, 374.564697265625], 'extent': [2.3368194103240967, 0.9059062600135803, 0.7209736704826355], 'world_cord': [[-266.09771728515625, 5016.06982421875, 375.285400390625], [-266.0982971191406, 5016.06982421875, 373.8434753417969], [-267.890380859375, 5015.80712890625, 375.2861328125], [-267.8909606933594, 5015.80712890625, 373.84417724609375], [-266.77520751953125, 5020.6943359375, 375.2852478027344], [-266.7757873535156, 5020.69384765625, 373.8432922363281], [-268.5679016113281, 5020.431640625, 375.28594970703125], [-268.5684509277344, 5020.431640625, 373.8440246582031]], 'semantic_tags': [14], 'type_id': 'vehicle.mercedes.coupe_2020', 'color': '187,187,187', 'base_type': 'car', 'num_points': 398, 'distance': 8.554776112922724, 'speed': 0.0, 'brake': 0.0, 'light_state': '49', 'road_id': 208, 'lane_id': -1, 'section_id': 0, 'world2vehicle': [[0.14496064186096191, -0.9894374012947083, 3.7431713280966505e-05, 5003.98095703125], [0.9894373416900635, 0.14496061205863953, -0.00040199534851126373, -462.788818359375], [0.00039232312701642513, 9.530983516015112e-05, 0.9999999403953552, -374.2177429199219], [0.0, 0.0, 0.0, 1.0]], 'position': (8.530328185653161, 0.6448824966628308, 0.013047768733851939), 'yaw': -1.2859166534085755, 'color_rgb': None, 'color_name': None, 'lane_type': carla.libcarla.LaneType.Shoulder, 'lane_type_str': 'Shoulder', 'is_in_junction': False, 'junction_id': -1, 'distance_to_junction': 61.37210464477539, 'next_junction_id': 4766, 'next_road_ids': [4788], 'next_next_road_ids': [80], 'same_road_as_ego': True, 'same_direction_as_ego': True, 'lane_relative_to_ego': 1, 'steer': 0.0, 'vehicle_cuts_in': False}]
[debug] delta = 1.2 left_most = {'3697': -3.6876587025071785}
[debug] into second branch, scenario_name = ParkedObstacleTwoWays
[debug] current frame is 95
[debug] static object in hazard: {'class': 'vehicle', 'state': 'dynamic', 'id': '3697', 'location': [-267.3329772949219, 5018.248046875, 373.8443603515625], 'rotation': [0.002144679194316268, 0.02303263731300831, -81.66500091552734], 'bbx_loc': [-0.002596353180706501, -1.7011911040754057e-05, 0.72035151720047], 'center': [-267.3330993652344, 5018.25048828125, 374.564697265625], 'extent': [2.3368194103240967, 0.9059062600135803, 0.7209736704826355], 'world_cord': [[-266.09771728515625, 5016.06982421875, 375.285400390625], [-266.0982971191406, 5016.06982421875, 373.8434753417969], [-267.890380859375, 5015.80712890625, 375.2861328125], [-267.8909606933594, 5015.80712890625, 373.84417724609375], [-266.77520751953125, 5020.6943359375, 375.2852478027344], [-266.7757873535156, 5020.69384765625, 373.8432922363281], [-268.5679016113281, 5020.431640625, 375.28594970703125], [-268.5684509277344, 5020.431640625, 373.8440246582031]], 'semantic_tags': [14], 'type_id': 'vehicle.mercedes.coupe_2020', 'color': '187,187,187', 'base_type': 'car', 'num_points': 401, 'distance': 8.554776112922724, 'speed': 0.0, 'brake': 0.0, 'light_state': '49', 'road_id': 208, 'lane_id': -1, 'section_id': 0, 'world2vehicle': [[0.14496064186096191, -0.9894374012947083, 3.7431713280966505e-05, 5003.98095703125], [0.9894373416900635, 0.14496061205863953, -0.00040199534851126373, -462.788818359375], [0.00039232312701642513, 9.530983516015112e-05, 0.9999999403953552, -374.2177429199219], [0.0, 0.0, 0.0, 1.0]]}
[debug] static object in hazard: {'class': 'vehicle', 'state': 'dynamic', 'id': '3697', 'location': [-267.3329772949219, 5018.248046875, 373.8443603515625], 'rotation': [0.002144679194316268, 0.02303263731300831, -81.66500091552734], 'bbx_loc': [-0.002596353180706501, -1.7011911040754057e-05, 0.72035151720047], 'center': [-267.3330993652344, 5018.25048828125, 374.564697265625], 'extent': [2.3368194103240967, 0.9059062600135803, 0.7209736704826355], 'world_cord': [[-266.09771728515625, 5016.06982421875, 375.285400390625], [-266.0982971191406, 5016.06982421875, 373.8434753417969], [-267.890380859375, 5015.80712890625, 375.2861328125], [-267.8909606933594, 5015.80712890625, 373.84417724609375], [-266.77520751953125, 5020.6943359375, 375.2852478027344], [-266.7757873535156, 5020.69384765625, 373.8432922363281], [-268.5679016113281, 5020.431640625, 375.28594970703125], [-268.5684509277344, 5020.431640625, 373.8440246582031]], 'semantic_tags': [14], 'type_id': 'vehicle.mercedes.coupe_2020', 'color': '187,187,187', 'base_type': 'car', 'num_points': 401, 'distance': 8.554776112922724, 'speed': 0.0, 'brake': 0.0, 'light_state': '49', 'road_id': 208, 'lane_id': -1, 'section_id': 0, 'world2vehicle': [[0.14496064186096191, -0.9894374012947083, 3.7431713280966505e-05, 5003.98095703125], [0.9894373416900635, 0.14496061205863953, -0.00040199534851126373, -462.788818359375], [0.00039232312701642513, 9.530983516015112e-05, 0.9999999403953552, -374.2177429199219], [0.0, 0.0, 0.0, 1.0]]}
