[debug] relevant_objects = []
[debug] 2
[debug] scenario_name = VehicleOpensDoorTwoWays
[debug] 3
[debug] in second branch, relevant_objects = []
[debug] relevant_objects = []
[debug] 2
[debug] scenario_name = VehicleOpensDoorTwoWays
[debug] 3
[debug] in second branch, relevant_objects = []
[debug] relevant_objects = []
[debug] 2
[debug] scenario_name = VehicleOpensDoorTwoWays
[debug] 3
[debug] in second branch, relevant_objects = []
[debug] relevant_objects = []
[debug] 2
[debug] scenario_name = VehicleOpensDoorTwoWays
[debug] 3
[debug] in second branch, relevant_objects = []
[debug] relevant_objects = []
[debug] 2
[debug] scenario_name = VehicleOpensDoorTwoWays
[debug] 3
[debug] in second branch, relevant_objects = []
[debug] relevant_objects = []
[debug] 2
[debug] scenario_name = VehicleOpensDoorTwoWays
[debug] 3
[debug] in second branch, relevant_objects = []
[debug] relevant_objects = []
[debug] 2
[debug] scenario_name = VehicleOpensDoorTwoWays
[debug] 3
[debug] in second branch, relevant_objects = []
[debug] relevant_objects = []
[debug] 2
[debug] scenario_name = VehicleOpensDoorTwoWays
[debug] 3
[debug] in second branch, relevant_objects = []
[debug] relevant_objects = []
[debug] 2
[debug] scenario_name = VehicleOpensDoorTwoWays
[debug] 3
[debug] in second branch, relevant_objects = []
[debug] relevant_objects = []
[debug] 2
[debug] scenario_name = VehicleOpensDoorTwoWays
[debug] 3
[debug] in second branch, relevant_objects = []
[debug] relevant_objects = []
[debug] 2
[debug] scenario_name = VehicleOpensDoorTwoWays
[debug] 3
[debug] in second branch, relevant_objects = []
[debug] relevant_objects = []
[debug] 2
[debug] scenario_name = VehicleOpensDoorTwoWays
[debug] 3
[debug] in second branch, relevant_objects = []
[debug] relevant_objects = []
[debug] 2
[debug] scenario_name = VehicleOpensDoorTwoWays
[debug] 3
[debug] in second branch, relevant_objects = []
[debug] relevant_objects = []
[debug] 2
[debug] scenario_name = VehicleOpensDoorTwoWays
[debug] 3
[debug] in second branch, relevant_objects = []
[debug] relevant_objects = []
[debug] 2
[debug] scenario_name = VehicleOpensDoorTwoWays
[debug] 3
[debug] in second branch, relevant_objects = []
[debug] relevant_objects = []
[debug] 2
[debug] scenario_name = VehicleOpensDoorTwoWays
[debug] 3
[debug] in second branch, relevant_objects = []
[debug] relevant_objects = []
[debug] 2
[debug] scenario_name = VehicleOpensDoorTwoWays
[debug] 3
[debug] in second branch, relevant_objects = []
[debug] relevant_objects = []
[debug] 2
[debug] scenario_name = VehicleOpensDoorTwoWays
[debug] 3
[debug] in second branch, relevant_objects = []
[debug] relevant_objects = []
[debug] 2
[debug] scenario_name = VehicleOpensDoorTwoWays
[debug] 3
[debug] in second branch, relevant_objects = []
[debug] relevant_objects = [{'class': 'vehicle', 'state': 'dynamic', 'id': '56761', 'location': [3951.637451171875, 4528.95751953125, 368.4912109375], 'rotation': [0.007007773499935865, -5.607273578643799, 99.03112030029297], 'bbx_loc': [-0.0026168259792029858, -3.361463313922286e-05, 0.720352053642273], 'center': [3951.70751953125, 4528.9658203125, 369.2080993652344], 'extent': [2.3368194103240967, 0.9059062600135803, 0.7209736704826355], 'world_cord': [[3950.519775390625, 4531.14306640625, 370.0144348144531], [3950.380615234375, 4531.12109375, 368.5793762207031], [3952.300537109375, 4531.42626953125, 369.83740234375], [3952.161376953125, 4531.404296875, 368.4023742675781], [3951.25341796875, 4526.52734375, 370.01385498046875], [3951.1142578125, 4526.50537109375, 368.5788269042969], [3953.0341796875, 4526.810546875, 369.8368225097656], [3952.89501953125, 4526.78857421875, 368.40179443359375]], 'semantic_tags': [14], 'type_id': 'vehicle.mercedes.coupe_2020', 'color': '187,187,187', 'base_type': 'car', 'num_points': 571, 'distance': 7.580511617907887, 'speed': 0.0, 'brake': 0.0, 'light_state': 'NONE', 'road_id': 885, 'lane_id': -3, 'section_id': 0, 'world2vehicle': [[-0.15697085857391357, 0.9876032471656799, 0.00012230871652718633, -3852.566162109375], [-0.9828757047653198, -0.15623155236244202, 0.09770924597978592, 4555.52978515625], [0.09651707857847214, 0.015217290259897709, 0.9952149987220764, -817.0469360351562], [0.0, 0.0, 0.0, 1.0]], 'position': (7.248254560941859, 2.2023094025671526, 0.29076844809139857), 'yaw': 1.729783049130992, 'color_rgb': None, 'color_name': None, 'lane_type': carla.libcarla.LaneType.Shoulder, 'lane_type_str': 'Shoulder', 'is_in_junction': False, 'junction_id': -1, 'distance_to_junction': 45.00002670288086, 'next_junction_id': 19816, 'next_road_ids': [19820], 'next_next_road_ids': [886], 'same_road_as_ego': True, 'same_direction_as_ego': True, 'lane_relative_to_ego': 1, 'steer': 0.0, 'vehicle_cuts_in': False}]
[debug] 1
[debug] 2
[debug] scenario_name = VehicleOpensDoorTwoWays
[debug] 3
[debug] in second branch, relevant_objects = [{'class': 'vehicle', 'state': 'dynamic', 'id': '56761', 'location': [3951.637451171875, 4528.95751953125, 368.4912109375], 'rotation': [0.007007773499935865, -5.607273578643799, 99.03112030029297], 'bbx_loc': [-0.0026168259792029858, -3.361463313922286e-05, 0.720352053642273], 'center': [3951.70751953125, 4528.9658203125, 369.2080993652344], 'extent': [2.3368194103240967, 0.9059062600135803, 0.7209736704826355], 'world_cord': [[3950.519775390625, 4531.14306640625, 370.0144348144531], [3950.380615234375, 4531.12109375, 368.5793762207031], [3952.300537109375, 4531.42626953125, 369.83740234375], [3952.161376953125, 4531.404296875, 368.4023742675781], [3951.25341796875, 4526.52734375, 370.01385498046875], [3951.1142578125, 4526.50537109375, 368.5788269042969], [3953.0341796875, 4526.810546875, 369.8368225097656], [3952.89501953125, 4526.78857421875, 368.40179443359375]], 'semantic_tags': [14], 'type_id': 'vehicle.mercedes.coupe_2020', 'color': '187,187,187', 'base_type': 'car', 'num_points': 571, 'distance': 7.580511617907887, 'speed': 0.0, 'brake': 0.0, 'light_state': 'NONE', 'road_id': 885, 'lane_id': -3, 'section_id': 0, 'world2vehicle': [[-0.15697085857391357, 0.9876032471656799, 0.00012230871652718633, -3852.566162109375], [-0.9828757047653198, -0.15623155236244202, 0.09770924597978592, 4555.52978515625], [0.09651707857847214, 0.015217290259897709, 0.9952149987220764, -817.0469360351562], [0.0, 0.0, 0.0, 1.0]], 'position': (7.248254560941859, 2.2023094025671526, 0.29076844809139857), 'yaw': 1.729783049130992, 'color_rgb': None, 'color_name': None, 'lane_type': carla.libcarla.LaneType.Shoulder, 'lane_type_str': 'Shoulder', 'is_in_junction': False, 'junction_id': -1, 'distance_to_junction': 45.00002670288086, 'next_junction_id': 19816, 'next_road_ids': [19820], 'next_next_road_ids': [886], 'same_road_as_ego': True, 'same_direction_as_ego': True, 'lane_relative_to_ego': 1, 'steer': 0.0, 'vehicle_cuts_in': False}]
[debug] final answer modification
[debug] lane_change in [1, 2, 3]
[debug] anwer1 = The ego vehicle must change to the left lane to circumvent the vehicle with the opened door., answer2 = Yes, there is a vehicle with the opened door on the current road.
[debug] relevant_objects = [{'class': 'vehicle', 'state': 'dynamic', 'id': '56761', 'location': [3951.637451171875, 4528.95751953125, 368.4912109375], 'rotation': [0.007007773499935865, -5.607273578643799, 99.03112030029297], 'bbx_loc': [-0.0026168259792029858, -3.361463313922286e-05, 0.720352053642273], 'center': [3951.70751953125, 4528.9658203125, 369.2080993652344], 'extent': [2.3368194103240967, 0.9059062600135803, 0.7209736704826355], 'world_cord': [[3950.519775390625, 4531.14306640625, 370.0144348144531], [3950.380615234375, 4531.12109375, 368.5793762207031], [3952.300537109375, 4531.42626953125, 369.83740234375], [3952.161376953125, 4531.404296875, 368.4023742675781], [3951.25341796875, 4526.52734375, 370.01385498046875], [3951.1142578125, 4526.50537109375, 368.5788269042969], [3953.0341796875, 4526.810546875, 369.8368225097656], [3952.89501953125, 4526.78857421875, 368.40179443359375]], 'semantic_tags': [14], 'type_id': 'vehicle.mercedes.coupe_2020', 'color': '187,187,187', 'base_type': 'car', 'num_points': 531, 'distance': 7.5622206904322455, 'speed': 0.0, 'brake': 0.0, 'light_state': 'NONE', 'road_id': 885, 'lane_id': -3, 'section_id': 0, 'world2vehicle': [[-0.15697085857391357, 0.9876032471656799, 0.00012230871652718633, -3852.566162109375], [-0.9828757047653198, -0.15623155236244202, 0.09770924597978592, 4555.52978515625], [0.09651707857847214, 0.015217290259897709, 0.9952149987220764, -817.0469360351562], [0.0, 0.0, 0.0, 1.0]], 'position': (7.23254097578365, 2.2075526983580858, 0.11205397316489041), 'yaw': 1.7291151283296, 'color_rgb': None, 'color_name': None, 'lane_type': carla.libcarla.LaneType.Shoulder, 'lane_type_str': 'Shoulder', 'is_in_junction': False, 'junction_id': -1, 'distance_to_junction': 45.00002670288086, 'next_junction_id': 19816, 'next_road_ids': [19820], 'next_next_road_ids': [886], 'same_road_as_ego': True, 'same_direction_as_ego': True, 'lane_relative_to_ego': 1, 'steer': 0.0, 'vehicle_cuts_in': False}]
[debug] 1
[debug] 2
[debug] scenario_name = VehicleOpensDoorTwoWays
[debug] 3
[debug] in second branch, relevant_objects = [{'class': 'vehicle', 'state': 'dynamic', 'id': '56761', 'location': [3951.637451171875, 4528.95751953125, 368.4912109375], 'rotation': [0.007007773499935865, -5.607273578643799, 99.03112030029297], 'bbx_loc': [-0.0026168259792029858, -3.361463313922286e-05, 0.720352053642273], 'center': [3951.70751953125, 4528.9658203125, 369.2080993652344], 'extent': [2.3368194103240967, 0.9059062600135803, 0.7209736704826355], 'world_cord': [[3950.519775390625, 4531.14306640625, 370.0144348144531], [3950.380615234375, 4531.12109375, 368.5793762207031], [3952.300537109375, 4531.42626953125, 369.83740234375], [3952.161376953125, 4531.404296875, 368.4023742675781], [3951.25341796875, 4526.52734375, 370.01385498046875], [3951.1142578125, 4526.50537109375, 368.5788269042969], [3953.0341796875, 4526.810546875, 369.8368225097656], [3952.89501953125, 4526.78857421875, 368.40179443359375]], 'semantic_tags': [14], 'type_id': 'vehicle.mercedes.coupe_2020', 'color': '187,187,187', 'base_type': 'car', 'num_points': 531, 'distance': 7.5622206904322455, 'speed': 0.0, 'brake': 0.0, 'light_state': 'NONE', 'road_id': 885, 'lane_id': -3, 'section_id': 0, 'world2vehicle': [[-0.15697085857391357, 0.9876032471656799, 0.00012230871652718633, -3852.566162109375], [-0.9828757047653198, -0.15623155236244202, 0.09770924597978592, 4555.52978515625], [0.09651707857847214, 0.015217290259897709, 0.9952149987220764, -817.0469360351562], [0.0, 0.0, 0.0, 1.0]], 'position': (7.23254097578365, 2.2075526983580858, 0.11205397316489041), 'yaw': 1.7291151283296, 'color_rgb': None, 'color_name': None, 'lane_type': carla.libcarla.LaneType.Shoulder, 'lane_type_str': 'Shoulder', 'is_in_junction': False, 'junction_id': -1, 'distance_to_junction': 45.00002670288086, 'next_junction_id': 19816, 'next_road_ids': [19820], 'next_next_road_ids': [886], 'same_road_as_ego': True, 'same_direction_as_ego': True, 'lane_relative_to_ego': 1, 'steer': 0.0, 'vehicle_cuts_in': False}]
[debug] final answer modification
[debug] lane_change in [1, 2, 3]
[debug] anwer1 = The ego vehicle must change to the left lane to circumvent the vehicle with the opened door., answer2 = Yes, there is a vehicle with the opened door on the current road.
[debug] relevant_objects = [{'class': 'vehicle', 'state': 'dynamic', 'id': '56761', 'location': [3951.637451171875, 4528.95751953125, 368.4912109375], 'rotation': [0.007007773499935865, -5.607273578643799, 99.03112030029297], 'bbx_loc': [-0.0026168259792029858, -3.361463313922286e-05, 0.720352053642273], 'center': [3951.70751953125, 4528.9658203125, 369.2080993652344], 'extent': [2.3368194103240967, 0.9059062600135803, 0.7209736704826355], 'world_cord': [[3950.519775390625, 4531.14306640625, 370.0144348144531], [3950.380615234375, 4531.12109375, 368.5793762207031], [3952.300537109375, 4531.42626953125, 369.83740234375], [3952.161376953125, 4531.404296875, 368.4023742675781], [3951.25341796875, 4526.52734375, 370.01385498046875], [3951.1142578125, 4526.50537109375, 368.5788269042969], [3953.0341796875, 4526.810546875, 369.8368225097656], [3952.89501953125, 4526.78857421875, 368.40179443359375]], 'semantic_tags': [14], 'type_id': 'vehicle.mercedes.coupe_2020', 'color': '187,187,187', 'base_type': 'car', 'num_points': 532, 'distance': 7.56112890582646, 'speed': 0.0, 'brake': 0.0, 'light_state': 'NONE', 'road_id': 885, 'lane_id': -3, 'section_id': 0, 'world2vehicle': [[-0.15697085857391357, 0.9876032471656799, 0.00012230871652718633, -3852.566162109375], [-0.9828757047653198, -0.15623155236244202, 0.09770924597978592, 4555.52978515625], [0.09651707857847214, 0.015217290259897709, 0.9952149987220764, -817.0469360351562], [0.0, 0.0, 0.0, 1.0]], 'position': (7.2317158474766075, 2.2066967714390557, 0.08830121291340731), 'yaw': 1.7291147288554367, 'color_rgb': None, 'color_name': None, 'lane_type': carla.libcarla.LaneType.Shoulder, 'lane_type_str': 'Shoulder', 'is_in_junction': False, 'junction_id': -1, 'distance_to_junction': 45.00002670288086, 'next_junction_id': 19816, 'next_road_ids': [19820], 'next_next_road_ids': [886], 'same_road_as_ego': True, 'same_direction_as_ego': True, 'lane_relative_to_ego': 1, 'steer': 0.0, 'vehicle_cuts_in': False}]
[debug] 1
[debug] 2
[debug] scenario_name = VehicleOpensDoorTwoWays
[debug] 3
[debug] in second branch, relevant_objects = [{'class': 'vehicle', 'state': 'dynamic', 'id': '56761', 'location': [3951.637451171875, 4528.95751953125, 368.4912109375], 'rotation': [0.007007773499935865, -5.607273578643799, 99.03112030029297], 'bbx_loc': [-0.0026168259792029858, -3.361463313922286e-05, 0.720352053642273], 'center': [3951.70751953125, 4528.9658203125, 369.2080993652344], 'extent': [2.3368194103240967, 0.9059062600135803, 0.7209736704826355], 'world_cord': [[3950.519775390625, 4531.14306640625, 370.0144348144531], [3950.380615234375, 4531.12109375, 368.5793762207031], [3952.300537109375, 4531.42626953125, 369.83740234375], [3952.161376953125, 4531.404296875, 368.4023742675781], [3951.25341796875, 4526.52734375, 370.01385498046875], [3951.1142578125, 4526.50537109375, 368.5788269042969], [3953.0341796875, 4526.810546875, 369.8368225097656], [3952.89501953125, 4526.78857421875, 368.40179443359375]], 'semantic_tags': [14], 'type_id': 'vehicle.mercedes.coupe_2020', 'color': '187,187,187', 'base_type': 'car', 'num_points': 532, 'distance': 7.56112890582646, 'speed': 0.0, 'brake': 0.0, 'light_state': 'NONE', 'road_id': 885, 'lane_id': -3, 'section_id': 0, 'world2vehicle': [[-0.15697085857391357, 0.9876032471656799, 0.00012230871652718633, -3852.566162109375], [-0.9828757047653198, -0.15623155236244202, 0.09770924597978592, 4555.52978515625], [0.09651707857847214, 0.015217290259897709, 0.9952149987220764, -817.0469360351562], [0.0, 0.0, 0.0, 1.0]], 'position': (7.2317158474766075, 2.2066967714390557, 0.08830121291340731), 'yaw': 1.7291147288554367, 'color_rgb': None, 'color_name': None, 'lane_type': carla.libcarla.LaneType.Shoulder, 'lane_type_str': 'Shoulder', 'is_in_junction': False, 'junction_id': -1, 'distance_to_junction': 45.00002670288086, 'next_junction_id': 19816, 'next_road_ids': [19820], 'next_next_road_ids': [886], 'same_road_as_ego': True, 'same_direction_as_ego': True, 'lane_relative_to_ego': 1, 'steer': 0.0, 'vehicle_cuts_in': False}]
[debug] final answer modification
[debug] lane_change in [1, 2, 3]
[debug] anwer1 = The ego vehicle must change to the left lane to circumvent the vehicle with the opened door., answer2 = Yes, there is a vehicle with the opened door on the current road.
[debug] relevant_objects = []
[debug] 2
[debug] scenario_name = VehicleOpensDoorTwoWays
[debug] 3
[debug] in second branch, relevant_objects = []
[debug] relevant_objects = [{'class': 'vehicle', 'state': 'dynamic', 'id': '56800', 'location': [3948.984375, 4558.42236328125, 368.4193420410156], 'rotation': [-0.33840852975845337, 0.00017274543642997742, 99.17689514160156], 'bbx_loc': [-0.0026058789808303118, 8.334517588082235e-06, 0.72035813331604], 'center': [3948.984130859375, 4558.423828125, 369.13970947265625], 'extent': [2.3368194103240967, 0.9059062600135803, 0.7209736704826355], 'world_cord': [[3947.716552734375, 4560.5908203125, 369.84686279296875], [3947.7177734375, 4560.58203125, 368.4049377441406], [3949.505126953125, 4560.87939453125, 369.84686279296875], [3949.50634765625, 4560.87109375, 368.4049377441406], [3948.461669921875, 4555.97705078125, 369.87445068359375], [3948.463134765625, 4555.96826171875, 368.43255615234375], [3950.25048828125, 4556.265625, 369.8744812011719], [3950.251708984375, 4556.25732421875, 368.43255615234375]], 'semantic_tags': [14], 'type_id': 'vehicle.mercedes.coupe_2020', 'color': '73,0,0', 'base_type': 'car', 'num_points': 14, 'distance': 36.430641242821444, 'speed': 0.7107924559540142, 'brake': 0.0, 'light_state': 'NONE', 'road_id': 885, 'lane_id': -3, 'section_id': 0, 'world2vehicle': [[-0.15948030352592468, 0.9871834516525269, -0.00590630853548646, -3868.037841796875], [-0.9872006773948669, -0.15948310494422913, -3.0149237773002824e-06, 4625.43212890625], [-0.0009449327480979264, 0.0058302306570112705, 0.9999825358390808, -391.2580261230469], [0.0, 0.0, 0.0, 1.0]], 'position': (36.41006736611189, 1.222173512415793, 0.11650667864114439), 'yaw': 1.7016423579985063, 'color_rgb': None, 'color_name': None, 'lane_type': carla.libcarla.LaneType.Driving, 'lane_type_str': 'Driving', 'is_in_junction': False, 'junction_id': -1, 'distance_to_junction': 15.999728202819824, 'next_junction_id': 19816, 'next_road_ids': [19820], 'next_next_road_ids': [886], 'same_road_as_ego': True, 'same_direction_as_ego': True, 'lane_relative_to_ego': 0, 'steer': 0.09074173917466623, 'vehicle_cuts_in': False}, {'class': 'vehicle', 'state': 'dynamic', 'id': '56761', 'location': [3951.637451171875, 4528.95751953125, 368.4912109375], 'rotation': [0.007007773499935865, -5.607273578643799, 99.03112030029297], 'bbx_loc': [-0.0026168259792029858, -3.361463313922286e-05, 0.720352053642273], 'center': [3951.70751953125, 4528.9658203125, 369.2080993652344], 'extent': [2.3368194103240967, 0.9059062600135803, 0.7209736704826355], 'world_cord': [[3950.519775390625, 4531.14306640625, 370.0144348144531], [3950.380615234375, 4531.12109375, 368.5793762207031], [3952.300537109375, 4531.42626953125, 369.83740234375], [3952.161376953125, 4531.404296875, 368.4023742675781], [3951.25341796875, 4526.52734375, 370.01385498046875], [3951.1142578125, 4526.50537109375, 368.5788269042969], [3953.0341796875, 4526.810546875, 369.8368225097656], [3952.89501953125, 4526.78857421875, 368.40179443359375]], 'semantic_tags': [14], 'type_id': 'vehicle.mercedes.coupe_2020', 'color': '187,187,187', 'base_type': 'car', 'num_points': 586, 'distance': 7.271216572787495, 'speed': 0.0, 'brake': 0.0, 'light_state': 'NONE', 'road_id': 885, 'lane_id': -3, 'section_id': 0, 'world2vehicle': [[-0.15697085857391357, 0.9876032471656799, 0.00012230871652718633, -3852.566162109375], [-0.9828757047653198, -0.15623155236244202, 0.09770924597978592, 4555.52978515625], [0.09651707857847214, 0.015217290259897709, 0.9952149987220764, -817.0469360351562], [0.0, 0.0, 0.0, 1.0]], 'position': (6.850855829882676, 2.436120997650505, 0.09804465346131508), 'yaw': 1.7016423579985063, 'color_rgb': None, 'color_name': None, 'lane_type': carla.libcarla.LaneType.Shoulder, 'lane_type_str': 'Shoulder', 'is_in_junction': False, 'junction_id': -1, 'distance_to_junction': 45.00002670288086, 'next_junction_id': 19816, 'next_road_ids': [19820], 'next_next_road_ids': [886], 'same_road_as_ego': True, 'same_direction_as_ego': True, 'lane_relative_to_ego': 1, 'steer': 0.0, 'vehicle_cuts_in': False}]
[debug] 1
[debug] 2
[debug] scenario_name = VehicleOpensDoorTwoWays
[debug] 3
[debug] in second branch, relevant_objects = [{'class': 'vehicle', 'state': 'dynamic', 'id': '56761', 'location': [3951.637451171875, 4528.95751953125, 368.4912109375], 'rotation': [0.007007773499935865, -5.607273578643799, 99.03112030029297], 'bbx_loc': [-0.0026168259792029858, -3.361463313922286e-05, 0.720352053642273], 'center': [3951.70751953125, 4528.9658203125, 369.2080993652344], 'extent': [2.3368194103240967, 0.9059062600135803, 0.7209736704826355], 'world_cord': [[3950.519775390625, 4531.14306640625, 370.0144348144531], [3950.380615234375, 4531.12109375, 368.5793762207031], [3952.300537109375, 4531.42626953125, 369.83740234375], [3952.161376953125, 4531.404296875, 368.4023742675781], [3951.25341796875, 4526.52734375, 370.01385498046875], [3951.1142578125, 4526.50537109375, 368.5788269042969], [3953.0341796875, 4526.810546875, 369.8368225097656], [3952.89501953125, 4526.78857421875, 368.40179443359375]], 'semantic_tags': [14], 'type_id': 'vehicle.mercedes.coupe_2020', 'color': '187,187,187', 'base_type': 'car', 'num_points': 586, 'distance': 7.271216572787495, 'speed': 0.0, 'brake': 0.0, 'light_state': 'NONE', 'road_id': 885, 'lane_id': -3, 'section_id': 0, 'world2vehicle': [[-0.15697085857391357, 0.9876032471656799, 0.00012230871652718633, -3852.566162109375], [-0.9828757047653198, -0.15623155236244202, 0.09770924597978592, 4555.52978515625], [0.09651707857847214, 0.015217290259897709, 0.9952149987220764, -817.0469360351562], [0.0, 0.0, 0.0, 1.0]], 'position': (6.850855829882676, 2.436120997650505, 0.09804465346131508), 'yaw': 1.7016423579985063, 'color_rgb': None, 'color_name': None, 'lane_type': carla.libcarla.LaneType.Shoulder, 'lane_type_str': 'Shoulder', 'is_in_junction': False, 'junction_id': -1, 'distance_to_junction': 45.00002670288086, 'next_junction_id': 19816, 'next_road_ids': [19820], 'next_next_road_ids': [886], 'same_road_as_ego': True, 'same_direction_as_ego': True, 'lane_relative_to_ego': 1, 'steer': 0.0, 'vehicle_cuts_in': False}, {'class': 'vehicle', 'state': 'dynamic', 'id': '56800', 'location': [3948.984375, 4558.42236328125, 368.4193420410156], 'rotation': [-0.33840852975845337, 0.00017274543642997742, 99.17689514160156], 'bbx_loc': [-0.0026058789808303118, 8.334517588082235e-06, 0.72035813331604], 'center': [3948.984130859375, 4558.423828125, 369.13970947265625], 'extent': [2.3368194103240967, 0.9059062600135803, 0.7209736704826355], 'world_cord': [[3947.716552734375, 4560.5908203125, 369.84686279296875], [3947.7177734375, 4560.58203125, 368.4049377441406], [3949.505126953125, 4560.87939453125, 369.84686279296875], [3949.50634765625, 4560.87109375, 368.4049377441406], [3948.461669921875, 4555.97705078125, 369.87445068359375], [3948.463134765625, 4555.96826171875, 368.43255615234375], [3950.25048828125, 4556.265625, 369.8744812011719], [3950.251708984375, 4556.25732421875, 368.43255615234375]], 'semantic_tags': [14], 'type_id': 'vehicle.mercedes.coupe_2020', 'color': '73,0,0', 'base_type': 'car', 'num_points': 14, 'distance': 36.430641242821444, 'speed': 0.7107924559540142, 'brake': 0.0, 'light_state': 'NONE', 'road_id': 885, 'lane_id': -3, 'section_id': 0, 'world2vehicle': [[-0.15948030352592468, 0.9871834516525269, -0.00590630853548646, -3868.037841796875], [-0.9872006773948669, -0.15948310494422913, -3.0149237773002824e-06, 4625.43212890625], [-0.0009449327480979264, 0.0058302306570112705, 0.9999825358390808, -391.2580261230469], [0.0, 0.0, 0.0, 1.0]], 'position': (36.41006736611189, 1.222173512415793, 0.11650667864114439), 'yaw': 1.7016423579985063, 'color_rgb': None, 'color_name': None, 'lane_type': carla.libcarla.LaneType.Driving, 'lane_type_str': 'Driving', 'is_in_junction': False, 'junction_id': -1, 'distance_to_junction': 15.999728202819824, 'next_junction_id': 19816, 'next_road_ids': [19820], 'next_next_road_ids': [886], 'same_road_as_ego': True, 'same_direction_as_ego': True, 'lane_relative_to_ego': 0, 'steer': 0.09074173917466623, 'vehicle_cuts_in': False}]
[debug] final answer modification
[debug] lane_change in [1, 2, 3]
[debug] anwer1 = The ego vehicle must change to the left lane to circumvent the vehicle with the opened door., answer2 = Yes, there is a vehicle with the opened door on the current road.
[debug] relevant_objects = []
[debug] 2
[debug] scenario_name = VehicleOpensDoorTwoWays
[debug] 3
[debug] in second branch, relevant_objects = []
[debug] relevant_objects = [{'class': 'vehicle', 'state': 'dynamic', 'id': '56800', 'location': [3948.91845703125, 4558.8330078125, 368.419921875], 'rotation': [-3.415094397496432e-05, -0.000274658203125, 99.38749694824219], 'bbx_loc': [-0.0026058789808303118, 8.334517588082235e-06, 0.72035813331604], 'center': [3948.9189453125, 4558.83056640625, 369.1402893066406], 'extent': [2.3368194103240967, 0.9059062600135803, 0.7209736704826355], 'world_cord': [[3947.64404296875, 4560.98828125, 369.86126708984375], [3947.64404296875, 4560.98828125, 368.4193115234375], [3949.431396484375, 4561.28369140625, 369.8612365722656], [3949.431396484375, 4561.28369140625, 368.4193115234375], [3948.40625, 4556.376953125, 369.86126708984375], [3948.40625, 4556.376953125, 368.4193115234375], [3950.19384765625, 4556.6728515625, 369.8612365722656], [3950.19384765625, 4556.6728515625, 368.4193115234375]], 'semantic_tags': [14], 'type_id': 'vehicle.mercedes.coupe_2020', 'color': '73,0,0', 'base_type': 'car', 'num_points': 14, 'distance': 36.45326584839048, 'speed': 0.06774587625713334, 'brake': 0.0, 'light_state': 'NONE', 'road_id': 885, 'lane_id': -3, 'section_id': 0, 'world2vehicle': [[-0.1631106585264206, 0.9866077899932861, -5.960463909104874e-07, -3853.669189453125], [-0.9866077899932861, -0.1631106585264206, 4.793690095539205e-06, 4639.6259765625], [4.632270702131791e-06, 1.3699659575650003e-06, 1.0, -368.4444580078125], [0.0, 0.0, 0.0, 1.0]], 'position': (36.20815457121989, 4.221629220781324, 0.1052457953683188), 'yaw': 1.622822377112085, 'color_rgb': None, 'color_name': None, 'lane_type': carla.libcarla.LaneType.Driving, 'lane_type_str': 'Driving', 'is_in_junction': False, 'junction_id': -1, 'distance_to_junction': 16.00020980834961, 'next_junction_id': 19816, 'next_road_ids': [19820], 'next_next_road_ids': [886], 'same_road_as_ego': True, 'same_direction_as_ego': True, 'lane_relative_to_ego': 0, 'steer': -0.00756054551865981, 'vehicle_cuts_in': False}, {'class': 'vehicle', 'state': 'dynamic', 'id': '56761', 'location': [3951.637451171875, 4528.95751953125, 368.4912109375], 'rotation': [0.007007773499935865, -5.607273578643799, 99.03112030029297], 'bbx_loc': [-0.0026168259792029858, -3.361463313922286e-05, 0.720352053642273], 'center': [3951.70751953125, 4528.9658203125, 369.2080993652344], 'extent': [2.3368194103240967, 0.9059062600135803, 0.7209736704826355], 'world_cord': [[3950.519775390625, 4531.14306640625, 370.0144348144531], [3950.380615234375, 4531.12109375, 368.5793762207031], [3952.300537109375, 4531.42626953125, 369.83740234375], [3952.161376953125, 4531.404296875, 368.4023742675781], [3951.25341796875, 4526.52734375, 370.01385498046875], [3951.1142578125, 4526.50537109375, 368.5788269042969], [3953.0341796875, 4526.810546875, 369.8368225097656], [3952.89501953125, 4526.78857421875, 368.40179443359375]], 'semantic_tags': [14], 'type_id': 'vehicle.mercedes.coupe_2020', 'color': '187,187,187', 'base_type': 'car', 'num_points': 658, 'distance': 6.94228186207308, 'speed': 0.0, 'brake': 0.0, 'light_state': 'NONE', 'road_id': 885, 'lane_id': -3, 'section_id': 0, 'world2vehicle': [[-0.15697085857391357, 0.9876032471656799, 0.00012230871652718633, -3852.566162109375], [-0.9828757047653198, -0.15623155236244202, 0.09770924597978592, 4555.52978515625], [0.09651707857847214, 0.015217290259897709, 0.9952149987220764, -817.0469360351562], [0.0, 0.0, 0.0, 1.0]], 'position': (6.231613167150499, 3.059879665281187, 0.09130305233770741), 'yaw': 1.622822377112085, 'color_rgb': None, 'color_name': None, 'lane_type': carla.libcarla.LaneType.Shoulder, 'lane_type_str': 'Shoulder', 'is_in_junction': False, 'junction_id': -1, 'distance_to_junction': 45.00002670288086, 'next_junction_id': 19816, 'next_road_ids': [19820], 'next_next_road_ids': [886], 'same_road_as_ego': True, 'same_direction_as_ego': True, 'lane_relative_to_ego': 1, 'steer': 0.0, 'vehicle_cuts_in': False}]
[debug] 1
[debug] 2
[debug] scenario_name = VehicleOpensDoorTwoWays
[debug] 3
[debug] in second branch, relevant_objects = [{'class': 'vehicle', 'state': 'dynamic', 'id': '56761', 'location': [3951.637451171875, 4528.95751953125, 368.4912109375], 'rotation': [0.007007773499935865, -5.607273578643799, 99.03112030029297], 'bbx_loc': [-0.0026168259792029858, -3.361463313922286e-05, 0.720352053642273], 'center': [3951.70751953125, 4528.9658203125, 369.2080993652344], 'extent': [2.3368194103240967, 0.9059062600135803, 0.7209736704826355], 'world_cord': [[3950.519775390625, 4531.14306640625, 370.0144348144531], [3950.380615234375, 4531.12109375, 368.5793762207031], [3952.300537109375, 4531.42626953125, 369.83740234375], [3952.161376953125, 4531.404296875, 368.4023742675781], [3951.25341796875, 4526.52734375, 370.01385498046875], [3951.1142578125, 4526.50537109375, 368.5788269042969], [3953.0341796875, 4526.810546875, 369.8368225097656], [3952.89501953125, 4526.78857421875, 368.40179443359375]], 'semantic_tags': [14], 'type_id': 'vehicle.mercedes.coupe_2020', 'color': '187,187,187', 'base_type': 'car', 'num_points': 658, 'distance': 6.94228186207308, 'speed': 0.0, 'brake': 0.0, 'light_state': 'NONE', 'road_id': 885, 'lane_id': -3, 'section_id': 0, 'world2vehicle': [[-0.15697085857391357, 0.9876032471656799, 0.00012230871652718633, -3852.566162109375], [-0.9828757047653198, -0.15623155236244202, 0.09770924597978592, 4555.52978515625], [0.09651707857847214, 0.015217290259897709, 0.9952149987220764, -817.0469360351562], [0.0, 0.0, 0.0, 1.0]], 'position': (6.231613167150499, 3.059879665281187, 0.09130305233770741), 'yaw': 1.622822377112085, 'color_rgb': None, 'color_name': None, 'lane_type': carla.libcarla.LaneType.Shoulder, 'lane_type_str': 'Shoulder', 'is_in_junction': False, 'junction_id': -1, 'distance_to_junction': 45.00002670288086, 'next_junction_id': 19816, 'next_road_ids': [19820], 'next_next_road_ids': [886], 'same_road_as_ego': True, 'same_direction_as_ego': True, 'lane_relative_to_ego': 1, 'steer': 0.0, 'vehicle_cuts_in': False}, {'class': 'vehicle', 'state': 'dynamic', 'id': '56800', 'location': [3948.91845703125, 4558.8330078125, 368.419921875], 'rotation': [-3.415094397496432e-05, -0.000274658203125, 99.38749694824219], 'bbx_loc': [-0.0026058789808303118, 8.334517588082235e-06, 0.72035813331604], 'center': [3948.9189453125, 4558.83056640625, 369.1402893066406], 'extent': [2.3368194103240967, 0.9059062600135803, 0.7209736704826355], 'world_cord': [[3947.64404296875, 4560.98828125, 369.86126708984375], [3947.64404296875, 4560.98828125, 368.4193115234375], [3949.431396484375, 4561.28369140625, 369.8612365722656], [3949.431396484375, 4561.28369140625, 368.4193115234375], [3948.40625, 4556.376953125, 369.86126708984375], [3948.40625, 4556.376953125, 368.4193115234375], [3950.19384765625, 4556.6728515625, 369.8612365722656], [3950.19384765625, 4556.6728515625, 368.4193115234375]], 'semantic_tags': [14], 'type_id': 'vehicle.mercedes.coupe_2020', 'color': '73,0,0', 'base_type': 'car', 'num_points': 14, 'distance': 36.45326584839048, 'speed': 0.06774587625713334, 'brake': 0.0, 'light_state': 'NONE', 'road_id': 885, 'lane_id': -3, 'section_id': 0, 'world2vehicle': [[-0.1631106585264206, 0.9866077899932861, -5.960463909104874e-07, -3853.669189453125], [-0.9866077899932861, -0.1631106585264206, 4.793690095539205e-06, 4639.6259765625], [4.632270702131791e-06, 1.3699659575650003e-06, 1.0, -368.4444580078125], [0.0, 0.0, 0.0, 1.0]], 'position': (36.20815457121989, 4.221629220781324, 0.1052457953683188), 'yaw': 1.622822377112085, 'color_rgb': None, 'color_name': None, 'lane_type': carla.libcarla.LaneType.Driving, 'lane_type_str': 'Driving', 'is_in_junction': False, 'junction_id': -1, 'distance_to_junction': 16.00020980834961, 'next_junction_id': 19816, 'next_road_ids': [19820], 'next_next_road_ids': [886], 'same_road_as_ego': True, 'same_direction_as_ego': True, 'lane_relative_to_ego': 0, 'steer': -0.00756054551865981, 'vehicle_cuts_in': False}]
[debug] final answer modification
[debug] lane_change in [1, 2, 3]
[debug] anwer1 = The ego vehicle must change to the left lane to circumvent the vehicle with the opened door., answer2 = Yes, there is a vehicle with the opened door on the current road.
[debug] relevant_objects = [{'class': 'vehicle', 'state': 'dynamic', 'id': '56800', 'location': [3948.849365234375, 4559.25537109375, 368.4200744628906], 'rotation': [0.12245162576436996, 0.0014188215136528015, 99.36895751953125], 'bbx_loc': [-0.0026058789808303118, 8.334517588082235e-06, 0.72035813331604], 'center': [3948.85009765625, 4559.25146484375, 369.1404113769531], 'extent': [2.3368194103240967, 0.9059062600135803, 0.7209736704826355], 'world_cord': [[3947.575927734375, 4561.40771484375, 369.8663635253906], [3947.575439453125, 4561.4111328125, 368.4244384765625], [3949.36376953125, 4561.70263671875, 369.8664245605469], [3949.36328125, 4561.7060546875, 368.4244689941406], [3948.3369140625, 4556.796875, 369.85638427734375], [3948.33642578125, 4556.7998046875, 368.4144287109375], [3950.12451171875, 4557.091796875, 369.8564147949219], [3950.1240234375, 4557.0947265625, 368.41448974609375]], 'semantic_tags': [14], 'type_id': 'vehicle.mercedes.coupe_2020', 'color': '73,0,0', 'base_type': 'car', 'num_points': 14, 'distance': 36.88083574378831, 'speed': 1.6628201074875866, 'brake': 0.0, 'light_state': 'NONE', 'road_id': 885, 'lane_id': -3, 'section_id': 0, 'world2vehicle': [[-0.16279107332229614, 0.9866582751274109, 0.0021371825132519007, -3856.377197265625], [-0.9866604804992676, -0.1627913862466812, -2.476305053278338e-05, 4638.39013671875], [0.0003234822361264378, -0.0021127047948539257, 0.9999977350234985, -360.06427001953125], [0.0, 0.0, 0.0, 1.0]], 'position': (36.63301435878384, 4.26916732126756, 0.04905123354058105), 'yaw': 1.6228162518415779, 'color_rgb': None, 'color_name': None, 'lane_type': carla.libcarla.LaneType.Driving, 'lane_type_str': 'Driving', 'is_in_junction': False, 'junction_id': -1, 'distance_to_junction': 15.000021934509277, 'next_junction_id': 19816, 'next_road_ids': [19820], 'next_next_road_ids': [886], 'same_road_as_ego': True, 'same_direction_as_ego': True, 'lane_relative_to_ego': 0, 'steer': 0.0040499374232783915, 'vehicle_cuts_in': False}, {'class': 'vehicle', 'state': 'dynamic', 'id': '56761', 'location': [3951.637451171875, 4528.95751953125, 368.4912109375], 'rotation': [0.007007773499935865, -5.607273578643799, 99.03112030029297], 'bbx_loc': [-0.0026168259792029858, -3.361463313922286e-05, 0.720352053642273], 'center': [3951.70751953125, 4528.9658203125, 369.2080993652344], 'extent': [2.3368194103240967, 0.9059062600135803, 0.7209736704826355], 'world_cord': [[3950.519775390625, 4531.14306640625, 370.0144348144531], [3950.380615234375, 4531.12109375, 368.5793762207031], [3952.300537109375, 4531.42626953125, 369.83740234375], [3952.161376953125, 4531.404296875, 368.4023742675781], [3951.25341796875, 4526.52734375, 370.01385498046875], [3951.1142578125, 4526.50537109375, 368.5788269042969], [3953.0341796875, 4526.810546875, 369.8368225097656], [3952.89501953125, 4526.78857421875, 368.40179443359375]], 'semantic_tags': [14], 'type_id': 'vehicle.mercedes.coupe_2020', 'color': '187,187,187', 'base_type': 'car', 'num_points': 653, 'distance': 6.942093110542913, 'speed': 0.0, 'brake': 0.0, 'light_state': 'NONE', 'road_id': 885, 'lane_id': -3, 'section_id': 0, 'world2vehicle': [[-0.15697085857391357, 0.9876032471656799, 0.00012230871652718633, -3852.566162109375], [-0.9828757047653198, -0.15623155236244202, 0.09770924597978592, 4555.52978515625], [0.09651707857847214, 0.015217290259897709, 0.9952149987220764, -817.0469360351562], [0.0, 0.0, 0.0, 1.0]], 'position': (6.231112775495603, 3.0602735968086563, 0.08482302031836753), 'yaw': 1.6228162518415779, 'color_rgb': None, 'color_name': None, 'lane_type': carla.libcarla.LaneType.Shoulder, 'lane_type_str': 'Shoulder', 'is_in_junction': False, 'junction_id': -1, 'distance_to_junction': 45.00002670288086, 'next_junction_id': 19816, 'next_road_ids': [19820], 'next_next_road_ids': [886], 'same_road_as_ego': True, 'same_direction_as_ego': True, 'lane_relative_to_ego': 1, 'steer': 0.0, 'vehicle_cuts_in': False}]
[debug] 1
[debug] 2
[debug] scenario_name = VehicleOpensDoorTwoWays
[debug] 3
