[debug] static_objects = [{'class': 'traffic_sign', 'id': '49398', 'location': [783.4713134765625, 4917.59912109375, 170.86483764648438], 'rotation': [0.26016873121261597, -1.0422149254729618e-10, -0.3963622748851776], 'bbx_loc': [-1.4464525293078623e-06, 2.5205592919519404e-06, 1.7847644090652466], 'center': [783.4631958007812, 4917.59912109375, 172.6495819091797], 'extent': [1.1884961128234863, 1.4271068572998047, 1.790136694908142], 'world_cord': [[784.6533813476562, 4919.01806640625, 174.44509887695312], [784.669677734375, 4919.01806640625, 170.8648681640625], [784.6336669921875, 4916.1640625, 174.44509887695312], [784.64990234375, 4916.1640625, 170.8648681640625], [782.2764892578125, 4919.03466796875, 174.43431091308594], [782.292724609375, 4919.0341796875, 170.85406494140625], [782.2567749023438, 4916.18017578125, 174.43431091308594], [782.2730102539062, 4916.18017578125, 170.85406494140625]], 'semantic_tags': [], 'type_id': 'static.prop.trafficwarning', 'distance': 49.98850008323509, 'affects_ego': False, 'road_id': 684, 'lane_id': -2, 'section_id': 0, 'world2sign': [[0.9999657869338989, -0.006917700637131929, 0.00454078521579504, -750.201904296875], [0.0069177718833088875, 0.9999760985374451, 1.8189894035458565e-12, -4922.9013671875], [-0.004540676716715097, 3.1412117095896974e-05, 0.9999896883964539, -167.46006774902344], [0.0, 0.0, 0.0, 1.0]], 'position': (48.68937224531055, -0.0026472716276657593, -199.98906437310393), 'yaw': 1.5638796979697973}, {'class': 'traffic_sign', 'id': '49397', 'location': [780.3585815429688, 4879.6201171875, 370.8129577636719], 'rotation': [0.3426910638809204, -1.0422227664230732e-10, 179.60362243652344], 'bbx_loc': [5.255937594483839e-06, 0.006582831498235464, 0.929391622543335], 'center': [780.3640747070312, 4879.61328125, 371.7423400878906], 'extent': [0.6505663990974426, 0.5230370759963989, 0.9339843392372131], 'world_cord': [[779.7155151367188, 4879.0947265625, 372.6802062988281], [779.704345703125, 4879.09521484375, 370.812255859375], [779.7227783203125, 4880.14111328125, 372.6802062988281], [779.7116088867188, 4880.14111328125, 370.812255859375], [781.0166015625, 4879.0859375, 372.67242431640625], [781.0054321289062, 4879.0859375, 370.8044738769531], [781.0238037109375, 4880.1318359375, 372.67242431640625], [781.0126342773438, 4880.1318359375, 370.8044738769531]], 'semantic_tags': [], 'type_id': 'static.prop.warningconstruction', 'distance': 12.322975942545579, 'affects_ego': True, 'road_id': 684, 'lane_id': -2, 'section_id': 0, 'world2sign': [[-0.9999582171440125, 0.006917925551533699, 0.005981051363050938, 744.351318359375], [-0.006918049417436123, -0.9999760985374451, 1.8189894035458565e-12, 4884.90185546875], [0.005980908405035734, -4.137721043662168e-05, 0.9999821186065674, -375.2716979980469], [0.0, 0.0, 0.0, 1.0]], 'position': (11.99044388850507, 2.8499925938205024, 0.20182829030108707), 'yaw': 1.5638796979697973}, {'class': 'traffic_sign', 'id': '49399', 'location': [783.519775390625, 4924.59912109375, 171.85122680664062], 'rotation': [0.26016873121261597, 1.0422149254729618e-10, 179.60362243652344], 'bbx_loc': [6.183273853821447e-06, -2.0266970750526525e-06, 0.06587956100702286], 'center': [783.5200805664062, 4924.59912109375, 171.91709899902344], 'extent': [0.93359375, 0.7505273222923279, 0.07871093600988388], 'world_cord': [[782.5816650390625, 4923.85498046875, 172.00006103515625], [782.5809326171875, 4923.85498046875, 171.84263610839844], [782.592041015625, 4925.35595703125, 172.00006103515625], [782.5913696289062, 4925.35595703125, 171.84263610839844], [784.4487915039062, 4923.84228515625, 171.9915771484375], [784.4480590820312, 4923.84228515625, 171.8341522216797], [784.4591674804688, 4925.34326171875, 171.9915771484375], [784.4584350585938, 4925.34326171875, 171.8341522216797]], 'semantic_tags': [], 'type_id': 'static.prop.dirtdebris02', 'distance': 56.98866783514051, 'affects_ego': False, 'road_id': 684, 'lane_id': -2, 'section_id': 0, 'world2sign': [[-0.9999657869338989, 0.006917978171259165, 0.00454078521579504, 748.6443481445312], [-0.006918049417436123, -0.9999760985374451, -1.8189894035458565e-12, 4929.90185546875], [0.004540676716715097, -3.141337583656423e-05, 0.9999896883964539, -175.25247192382812], [0.0, 0.0, 0.0, 1.0]], 'position': (55.695804664958814, -0.0026796948108085417, -199.04820523709364), 'yaw': 1.5638796979697973}, {'class': 'traffic_sign', 'id': '49406', 'location': [781.942626953125, 4930.60986328125, 170.98577880859375], 'rotation': [0.26016873121261597, 1.0422149254729618e-10, 179.60360717773438], 'bbx_loc': [1.8058716477753478e-06, 5.773815701104468e-07, 0.2928936183452606], 'center': [781.9439697265625, 4930.60986328125, 171.27867126464844], 'extent': [0.17189452052116394, 0.17084960639476776, 0.2936718761920929], 'world_cord': [[781.772216796875, 4930.4404296875, 171.5731201171875], [781.76953125, 4930.4404296875, 170.98577880859375], [781.7745971679688, 4930.78173828125, 171.5731201171875], [781.7719116210938, 4930.78173828125, 170.98577880859375], [782.115966796875, 4930.43798828125, 171.57156372070312], [782.1133422851562, 4930.43798828125, 170.98422241210938], [782.1183471679688, 4930.779296875, 171.57156372070312], [782.11572265625, 4930.779296875, 170.98422241210938]], 'semantic_tags': [], 'type_id': 'static.prop.constructioncone', 'distance': 63.00915298419489, 'affects_ego': False, 'road_id': 684, 'lane_id': -2, 'section_id': 0, 'world2sign': [[-0.9999657273292542, 0.006918216589838266, 0.00454078521579504, 747.0283813476562], [-0.0069182878360152245, -0.9999760389328003, -1.8189894035458565e-12, 4935.9013671875], [0.00454067625105381, -3.141445995424874e-05, 0.9999896883964539, -174.37966918945312], [0.0, 0.0, 0.0, 1.0]], 'position': (61.68974140788123, 1.615992561398798, -199.95266137248043), 'yaw': 1.5638796979697973}, {'class': 'traffic_sign', 'id': '49405', 'location': [782.9425659179688, 4930.6025390625, 170.98126220703125], 'rotation': [0.26016873121261597, 1.0422149254729618e-10, 179.60360717773438], 'bbx_loc': [1.8058716477753478e-06, 5.773815701104468e-07, 0.2928936183452606], 'center': [782.9439086914062, 4930.6025390625, 171.27415466308594], 'extent': [0.17189452052116394, 0.17084960639476776, 0.2936718761920929], 'world_cord': [[782.7721557617188, 4930.43310546875, 171.568603515625], [782.7694702148438, 4930.43310546875, 170.98126220703125], [782.7745361328125, 4930.7744140625, 171.568603515625], [782.7718505859375, 4930.7744140625, 170.98126220703125], [783.1159057617188, 4930.4306640625, 171.56704711914062], [783.11328125, 4930.4306640625, 170.97970581054688], [783.1182861328125, 4930.77197265625, 171.56704711914062], [783.1156616210938, 4930.77197265625, 170.97970581054688]], 'semantic_tags': [], 'type_id': 'static.prop.constructioncone', 'distance': 62.99098860965175, 'affects_ego': False, 'road_id': 684, 'lane_id': -2, 'section_id': 0, 'world2sign': [[-0.9999657273292542, 0.006918216589838266, 0.00454078521579504, 748.0283813476562], [-0.0069182878360152245, -0.9999760389328003, -1.8189894035458565e-12, 4935.90087890625], [0.00454067625105381, -3.141445995424874e-05, 0.9999896883964539, -174.3796844482422], [0.0, 0.0, 0.0, 1.0]], 'position': (61.689304131165045, 0.6160267787735165, -199.95716191086518), 'yaw': 1.5638796979697973}, {'class': 'traffic_sign', 'id': '49404', 'location': [783.9425659179688, 4930.595703125, 170.97671508789062], 'rotation': [0.26016873121261597, 1.0422149254729618e-10, 179.60360717773438], 'bbx_loc': [1.8058716477753478e-06, 5.773815701104468e-07, 0.2928936183452606], 'center': [783.9439086914062, 4930.595703125, 171.2696075439453], 'extent': [0.17189452052116394, 0.17084960639476776, 0.2936718761920929], 'world_cord': [[783.7721557617188, 4930.42626953125, 171.56405639648438], [783.7694702148438, 4930.42626953125, 170.97671508789062], [783.7745361328125, 4930.767578125, 171.56405639648438], [783.7718505859375, 4930.767578125, 170.97671508789062], [784.1159057617188, 4930.423828125, 171.5625], [784.11328125, 4930.423828125, 170.97515869140625], [784.1182861328125, 4930.76513671875, 171.5625], [784.1156616210938, 4930.76513671875, 170.97515869140625]], 'semantic_tags': [], 'type_id': 'static.prop.constructioncone', 'distance': 62.989184806582585, 'affects_ego': False, 'road_id': 684, 'lane_id': -2, 'section_id': 0, 'world2sign': [[-0.9999657273292542, 0.006918216589838266, 0.00454078521579504, 749.0284423828125], [-0.0069182878360152245, -0.9999760389328003, -1.8189894035458565e-12, 4935.90087890625], [0.00454067625105381, -3.141445995424874e-05, 0.9999896883964539, -174.3796844482422], [0.0, 0.0, 0.0, 1.0]], 'position': (61.68935533743934, -0.38399666077930306, -199.9616961424736), 'yaw': 1.5638796979697973}, {'class': 'traffic_sign', 'id': '49403', 'location': [784.9425048828125, 4930.5888671875, 170.97216796875], 'rotation': [0.26016873121261597, 1.3340351046053911e-08, 89.6036376953125], 'bbx_loc': [1.8740445284493035e-06, -9.187683644995559e-06, 0.2928936183452606], 'center': [784.9425048828125, 4930.58740234375, 171.2650604248047], 'extent': [0.17085936665534973, 0.17188964784145355, 0.2936718761920929], 'world_cord': [[784.7717895507812, 4930.75830078125, 171.55950927734375], [784.7717895507812, 4930.7607421875, 170.97216796875], [785.1155395507812, 4930.755859375, 171.55950927734375], [785.1156005859375, 4930.75830078125, 170.97216796875], [784.7694091796875, 4930.41650390625, 171.55795288085938], [784.7694702148438, 4930.41943359375, 170.97061157226562], [785.1132202148438, 4930.4140625, 171.55795288085938], [785.1132202148438, 4930.4169921875, 170.97061157226562]], 'semantic_tags': [], 'type_id': 'static.prop.constructioncone', 'distance': 63.00325412898787, 'affects_ego': False, 'road_id': 684, 'lane_id': -2, 'section_id': 0, 'world2sign': [[0.006917664315551519, 0.9999657869338989, 0.00454078521579504, -4936.626953125], [-0.9999760985374451, 0.0069177355617284775, -2.3283064365386963e-10, 750.8152465820312], [-3.14121825795155e-05, -0.004540676716715097, 0.9999896883964539, -148.55752563476562], [0.0, 0.0, 0.0, 1.0]], 'position': (61.689406121570755, -1.3839590666347021, -199.96623037215028), 'yaw': 1.5638796979697973}, {'class': 'traffic_sign', 'id': '49402', 'location': [784.9286499023438, 4928.58935546875, 170.96310424804688], 'rotation': [0.26016873121261597, 1.3340351046053911e-08, 89.6036376953125], 'bbx_loc': [1.8740445284493035e-06, -9.187683644995559e-06, 0.2928936183452606], 'center': [784.9286499023438, 4928.587890625, 171.25599670410156], 'extent': [0.17085936665534973, 0.17188964784145355, 0.2936718761920929], 'world_cord': [[784.7579345703125, 4928.7587890625, 171.55044555664062], [784.7579345703125, 4928.76123046875, 170.96310424804688], [785.1016845703125, 4928.75634765625, 171.55044555664062], [785.1017456054688, 4928.7587890625, 170.96310424804688], [784.7555541992188, 4928.4169921875, 171.54888916015625], [784.755615234375, 4928.419921875, 170.9615478515625], [785.099365234375, 4928.41455078125, 171.54888916015625], [785.099365234375, 4928.41748046875, 170.9615478515625]], 'semantic_tags': [], 'type_id': 'static.prop.constructioncone', 'distance': 61.00419019821831, 'affects_ego': False, 'road_id': 684, 'lane_id': -2, 'section_id': 0, 'world2sign': [[0.006917664315551519, 0.9999657869338989, 0.00454078521579504, -4934.626953125], [-0.9999760985374451, 0.0069177355617284775, -2.3283064365386963e-10, 750.8152465820312], [-3.14121825795155e-05, -0.004540676716715097, 0.9999896883964539, -148.5575408935547], [0.0, 0.0, 0.0, 1.0]], 'position': (59.689829751868274, -1.3839340745465734, -199.96229446015255), 'yaw': 1.5638796979697973}, {'class': 'traffic_sign', 'id': '49401', 'location': [784.9147338867188, 4926.58935546875, 170.95399475097656], 'rotation': [0.26016873121261597, 1.3340351046053911e-08, 89.6036376953125], 'bbx_loc': [1.8740445284493035e-06, -9.187683644995559e-06, 0.2928936183452606], 'center': [784.9147338867188, 4926.587890625, 171.24688720703125], 'extent': [0.17085936665534973, 0.17188964784145355, 0.2936718761920929], 'world_cord': [[784.7440185546875, 4926.7587890625, 171.5413360595703], [784.7440185546875, 4926.76123046875, 170.95399475097656], [785.0877685546875, 4926.75634765625, 171.5413360595703], [785.0878295898438, 4926.7587890625, 170.95399475097656], [784.7416381835938, 4926.4169921875, 171.53977966308594], [784.74169921875, 4926.419921875, 170.9524383544922], [785.08544921875, 4926.41455078125, 171.53977966308594], [785.08544921875, 4926.41748046875, 170.9524383544922]], 'semantic_tags': [], 'type_id': 'static.prop.constructioncone', 'distance': 59.004669958341125, 'affects_ego': False, 'road_id': 684, 'lane_id': -2, 'section_id': 0, 'world2sign': [[0.006917664315551519, 0.9999657869338989, 0.00454078521579504, -4932.626953125], [-0.9999760985374451, 0.0069177355617284775, -2.3283064365386963e-10, 750.815185546875], [-3.14121825795155e-05, -0.004540676716715097, 0.9999896883964539, -148.55752563476562], [0.0, 0.0, 0.0, 1.0]], 'position': (57.68976440317692, -1.383851426546812, -199.95840114726207), 'yaw': 1.5638796979697973}, {'class': 'traffic_sign', 'id': '49400', 'location': [784.9010009765625, 4924.58935546875, 170.94493103027344], 'rotation': [0.26016873121261597, 1.3340351046053911e-08, 89.6036376953125], 'bbx_loc': [1.8740445284493035e-06, -9.187683644995559e-06, 0.2928936183452606], 'center': [784.9010009765625, 4924.587890625, 171.23782348632812], 'extent': [0.17085936665534973, 0.17188964784145355, 0.2936718761920929], 'world_cord': [[784.7302856445312, 4924.7587890625, 171.5322723388672], [784.7302856445312, 4924.76123046875, 170.94493103027344], [785.0740356445312, 4924.75634765625, 171.5322723388672], [785.0740966796875, 4924.7587890625, 170.94493103027344], [784.7279052734375, 4924.4169921875, 171.5307159423828], [784.7279663085938, 4924.419921875, 170.94337463378906], [785.0717163085938, 4924.41455078125, 171.5307159423828], [785.0717163085938, 4924.41748046875, 170.94337463378906]], 'semantic_tags': [], 'type_id': 'static.prop.constructioncone', 'distance': 57.005192478317724, 'affects_ego': False, 'road_id': 684, 'lane_id': -2, 'section_id': 0, 'world2sign': [[0.006917664315551519, 0.9999657869338989, 0.00454078521579504, -4930.626953125], [-0.9999760985374451, 0.0069177355617284775, -2.3283064365386963e-10, 750.8152465820312], [-3.14121825795155e-05, -0.004540676716715097, 0.9999896883964539, -148.5575408935547], [0.0, 0.0, 0.0, 1.0]], 'position': (55.68970061851451, -1.3839518790296097, -199.95446206476822), 'yaw': 1.5638796979697973}]
[debug] relevant_objects = [{'class': 'traffic_sign', 'id': '49397', 'location': [780.3585815429688, 4879.6201171875, 370.8129577636719], 'rotation': [0.3426910638809204, -1.0422227664230732e-10, 179.60362243652344], 'bbx_loc': [5.255937594483839e-06, 0.006582831498235464, 0.929391622543335], 'center': [780.3640747070312, 4879.61328125, 371.7423400878906], 'extent': [0.6505663990974426, 0.5230370759963989, 0.9339843392372131], 'world_cord': [[779.7155151367188, 4879.0947265625, 372.6802062988281], [779.704345703125, 4879.09521484375, 370.812255859375], [779.7227783203125, 4880.14111328125, 372.6802062988281], [779.7116088867188, 4880.14111328125, 370.812255859375], [781.0166015625, 4879.0859375, 372.67242431640625], [781.0054321289062, 4879.0859375, 370.8044738769531], [781.0238037109375, 4880.1318359375, 372.67242431640625], [781.0126342773438, 4880.1318359375, 370.8044738769531]], 'semantic_tags': [], 'type_id': 'static.prop.warningconstruction', 'distance': 12.322975942545579, 'affects_ego': True, 'road_id': 684, 'lane_id': -2, 'section_id': 0, 'world2sign': [[-0.9999582171440125, 0.006917925551533699, 0.005981051363050938, 744.351318359375], [-0.006918049417436123, -0.9999760985374451, 1.8189894035458565e-12, 4884.90185546875], [0.005980908405035734, -4.137721043662168e-05, 0.9999821186065674, -375.2716979980469], [0.0, 0.0, 0.0, 1.0]], 'position': (11.99044388850507, 2.8499925938205024, 0.20182829030108707), 'yaw': 1.5638796979697973}]
[debug] construction_obstacle
[debug] 2
[debug] scenario_name = ConstructionObstacleTwoWays_Town12_Route1080_Weather14
