[debug] current frame is 0
[debug] hazardous_actors = []
[debug] current frame is 5
[debug] hazardous_actors = []
[debug] current frame is 10
[debug] hazardous_actors = []
[debug] current frame is 15
[debug] hazardous_actors = []
[debug] current frame is 20
[debug] hazardous_actors = [{'class': 'vehicle', 'state': 'dynamic', 'id': '23280', 'location': [1837.61572265625, -1702.86279296875, 334.4290466308594], 'rotation': [-0.1398003101348877, -0.0025024409405887127, -175.36672973632812], 'bbx_loc': [6.107494118623435e-05, 0.001811878988519311, 0.7014871835708618], 'center': [1837.6141357421875, -1702.86474609375, 335.1305236816406], 'extent': [2.6787397861480713, 1.0166014432907104, 0.7053293585777283], 'world_cord': [[1835.0245361328125, -1704.094482421875, 335.8293762207031], [1835.0279541015625, -1704.09423828125, 334.418701171875], [1834.8602294921875, -1702.06787109375, 335.82928466796875], [1834.86376953125, -1702.0677490234375, 334.4186096191406], [1840.364501953125, -1703.6617431640625, 335.8424377441406], [1840.367919921875, -1703.6614990234375, 334.4317932128906], [1840.2001953125, -1701.6351318359375, 335.84234619140625], [1840.2037353515625, -1701.6348876953125, 334.43170166015625]], 'semantic_tags': [14], 'type_id': 'vehicle.chevrolet.impala', 'color': '0,12,49', 'base_type': 'car', 'num_points': 304, 'distance': 9.666185478896375, 'speed': 3.3490882482148185, 'brake': 0.0, 'light_state': '3', 'road_id': 370, 'lane_id': -1, 'section_id': 1, 'world2vehicle': [[-0.9967291355133057, -0.08077742904424667, -0.002439973410218954, 1694.8682861328125], [0.08077756315469742, -0.9967321157455444, 4.367570363683626e-05, -1845.750732421875], [-0.0024355279747396708, -0.000153562257764861, 0.9999970197677612, -330.2139587402344], [0.0, 0.0, 0.0, 1.0]], 'position': (9.666199527437357, -0.026530802280149146, -0.04375064108147697), 'yaw': -3.0645665780136495, 'color_rgb': None, 'color_name': None, 'lane_type': carla.libcarla.LaneType.Driving, 'lane_type_str': 'Driving', 'is_in_junction': False, 'junction_id': -1, 'distance_to_junction': None, 'next_junction_id': -1, 'next_road_ids': [370], 'next_next_road_ids': [12661], 'same_road_as_ego': True, 'same_direction_as_ego': True, 'lane_relative_to_ego': 0, 'steer': -0.003901486725999981, 'vehicle_cuts_in': False}]
[debug] in HazardAtSideLaneTwoWays, bicycles = [{'class': 'vehicle', 'state': 'dynamic', 'id': '23243', 'location': [1793.040771484375, -1706.76904296875, 334.42529296875], 'rotation': [0.29045379161834717, 0.03567609563469887, -176.51318359375], 'bbx_loc': [0.0, 7.629394360719743e-08, 0.8082212805747986], 'center': [1793.044921875, -1706.769287109375, 335.2334899902344], 'extent': [0.7546613812446594, 0.4329703152179718, 0.8061768412590027], 'world_cord': [[1792.322021484375, -1707.24755859375, 336.043212890625], [1792.3138427734375, -1707.2470703125, 334.430908203125], [1792.2694091796875, -1706.38330078125, 336.04376220703125], [1792.26123046875, -1706.3828125, 334.4314270019531], [1793.82861328125, -1707.15576171875, 336.03558349609375], [1793.8203125, -1707.1552734375, 334.4232482910156], [1793.77587890625, -1706.29150390625, 336.0361022949219], [1793.7677001953125, -1706.291015625, 334.42376708984375]], 'semantic_tags': [19, 4], 'type_id': 'vehicle.bh.crossbike', 'color': '20,78,217', 'base_type': 'bicycle', 'num_points': 0, 'distance': 54.41128358146182, 'speed': -1.686859053585635e-05, 'brake': 0.0, 'light_state': '3', 'road_id': 370, 'lane_id': -1, 'section_id': 1, 'world2vehicle': [[-0.9981359243392944, -0.060818154364824295, 0.005069353152066469, 1684.2005615234375], [0.06081577390432358, -0.9981487989425659, -0.0006226572440937161, -1812.4464111328125], [0.005097837653011084, -0.0003131999692413956, 0.9999869465827942, -344.09613037109375], [0.0, 0.0, 0.0, 1.0]], 'position': (54.409516412854146, 0.43809855632275685, -0.1126393322922361), 'yaw': -3.0645665780136495, 'color_rgb': None, 'color_name': None, 'lane_type': carla.libcarla.LaneType.Driving, 'lane_type_str': 'Driving', 'is_in_junction': False, 'junction_id': -1, 'distance_to_junction': None, 'next_junction_id': -1, 'next_road_ids': [370], 'next_next_road_ids': [12661], 'same_road_as_ego': True, 'same_direction_as_ego': True, 'lane_relative_to_ego': 0, 'steer': 0.0, 'vehicle_cuts_in': False}, {'class': 'vehicle', 'state': 'dynamic', 'id': '23242', 'location': [1802.0321044921875, -1706.21533203125, 334.36639404296875], 'rotation': [-0.10711785405874252, 0.0041666338220238686, -176.38308715820312], 'bbx_loc': [0.0, 7.629394360719743e-08, 0.8157447576522827], 'center': [1802.0306396484375, -1706.2154541015625, 335.18212890625], 'extent': [0.8281218409538269, 0.2912190854549408, 0.8098834753036499], 'world_cord': [[1801.220947265625, -1706.5584716796875, 335.9904479980469], [1801.2239990234375, -1706.5582275390625, 334.3706970214844], [1801.1842041015625, -1705.977294921875, 335.990478515625], [1801.187255859375, -1705.9769287109375, 334.3707275390625], [1802.8739013671875, -1706.4539794921875, 335.9935607910156], [1802.876953125, -1706.4537353515625, 334.373779296875], [1802.837158203125, -1705.872802734375, 335.99359130859375], [1802.8402099609375, -1705.8724365234375, 334.3738098144531]], 'semantic_tags': [19, 4], 'type_id': 'vehicle.diamondback.century', 'color': '214,0,0', 'base_type': 'bicycle', 'num_points': 0, 'distance': 45.40591661986553, 'speed': -7.761649227872974e-06, 'brake': 0.0, 'light_state': '3', 'road_id': 370, 'lane_id': -1, 'section_id': 1, 'world2vehicle': [[-0.9980064034461975, -0.0630849227309227, -0.001869558123871684, 1691.42822265625], [0.0630851686000824, -0.998008131980896, -7.272135553648695e-05, -1816.4739990234375], [-0.0018612465355545282, -0.00019051777780987322, 0.9999982714653015, -331.33685302734375], [0.0, 0.0, 0.0, 1.0]], 'position': (45.40215896140626, 0.5779111791857758, -0.15842773516102326), 'yaw': -3.0645665780136495, 'color_rgb': None, 'color_name': None, 'lane_type': carla.libcarla.LaneType.Driving, 'lane_type_str': 'Driving', 'is_in_junction': False, 'junction_id': -1, 'distance_to_junction': None, 'next_junction_id': -1, 'next_road_ids': [370], 'next_next_road_ids': [12661], 'same_road_as_ego': True, 'same_direction_as_ego': True, 'lane_relative_to_ego': 0, 'steer': 0.0, 'vehicle_cuts_in': False}]
[debug] into second branch, scenario_name = HazardAtSideLaneTwoWays
[debug] current frame is 25
[debug] hazardous_actors = []
[debug] current frame is 30
[debug] hazardous_actors = []
[debug] current frame is 35
[debug] hazardous_actors = []
[debug] current frame is 40
[debug] hazardous_actors = []
[debug] current frame is 45
[debug] hazardous_actors = []
[debug] current frame is 50
[debug] hazardous_actors = []
[debug] current frame is 55
[debug] hazardous_actors = []
[debug] current frame is 60
[debug] hazardous_actors = []
[debug] current frame is 65
[debug] hazardous_actors = [{'class': 'vehicle', 'state': 'dynamic', 'id': '23242', 'location': [1796.4407958984375, -1706.5609130859375, 334.38909912109375], 'rotation': [0.003121396293863654, -0.24267572164535522, -176.7421112060547], 'bbx_loc': [0.0, 7.629394360719743e-08, 0.8157447576522827], 'center': [1796.440673828125, -1706.5574951171875, 335.204833984375], 'extent': [0.8281218409538269, 0.2912190854549408, 0.8098834753036499], 'world_cord': [[1795.6302490234375, -1706.891845703125, 336.0159912109375], [1795.630615234375, -1706.898681640625, 334.396240234375], [1795.59716796875, -1706.310302734375, 336.0135192871094], [1795.597412109375, -1706.3172607421875, 334.3937683105469], [1797.2838134765625, -1706.7977294921875, 336.0158996582031], [1797.2841796875, -1706.8045654296875, 334.3961486816406], [1797.250732421875, -1706.2161865234375, 336.013427734375], [1797.2509765625, -1706.2230224609375, 334.3936767578125]], 'semantic_tags': [19, 4], 'type_id': 'vehicle.diamondback.century', 'color': '214,0,0', 'base_type': 'bicycle', 'num_points': 25, 'distance': 14.65755611824124, 'speed': 2.0568713287161584, 'brake': 0.0, 'light_state': '3', 'road_id': 370, 'lane_id': -1, 'section_id': 1, 'world2vehicle': [[-0.9983838796615601, -0.05683020129799843, 5.4478641686728224e-05, 1696.5350341796875], [0.05682992562651634, -0.9983749389648438, 0.004235477652400732, -1807.29541015625], [-0.00018631292914506048, 0.004231728613376617, 0.9999910593032837, -326.8297119140625], [0.0, 0.0, 0.0, 1.0]], 'position': (14.636489006619286, 0.7848383486373223, 0.021803001358165375), 'yaw': -3.082770881960995, 'color_rgb': None, 'color_name': None, 'lane_type': carla.libcarla.LaneType.Driving, 'lane_type_str': 'Driving', 'is_in_junction': False, 'junction_id': -1, 'distance_to_junction': None, 'next_junction_id': -1, 'next_road_ids': [370], 'next_next_road_ids': [12661], 'same_road_as_ego': True, 'same_direction_as_ego': True, 'lane_relative_to_ego': 0, 'steer': 0.08983542875224333, 'vehicle_cuts_in': False}]
[debug] in HazardAtSideLaneTwoWays, bicycles = [{'class': 'vehicle', 'state': 'dynamic', 'id': '23243', 'location': [1787.7930908203125, -1707.078369140625, 334.4552001953125], 'rotation': [0.26006627082824707, -0.004852293990552425, -176.42019653320312], 'bbx_loc': [0.0, 7.629394360719743e-08, 0.8082212805747986], 'center': [1787.7967529296875, -1707.078125, 335.263427734375], 'extent': [0.7546613812446594, 0.4329703152179718, 0.8061768412590027], 'world_cord': [[1787.07421875, -1707.5570068359375, 336.0730285644531], [1787.06689453125, -1707.5576171875, 334.460693359375], [1787.0201416015625, -1706.6927490234375, 336.0729675292969], [1787.012939453125, -1706.693359375, 334.46063232421875], [1788.58056640625, -1707.4627685546875, 336.0661926269531], [1788.5733642578125, -1707.46337890625, 334.453857421875], [1788.5264892578125, -1706.5985107421875, 336.0661315917969], [1788.519287109375, -1706.59912109375, 334.45379638671875]], 'semantic_tags': [19, 4], 'type_id': 'vehicle.bh.crossbike', 'color': '20,78,217', 'base_type': 'bicycle', 'num_points': 6, 'distance': 23.313187298218363, 'speed': 2.116865447414437, 'brake': 0.0, 'light_state': '3', 'road_id': 370, 'lane_id': -1, 'section_id': 1, 'world2vehicle': [[-0.9980384707450867, -0.06243812292814255, 0.004538997076451778, 1676.181396484375], [0.06243915110826492, -0.9980487823486328, 8.468763553537428e-05, -1815.404052734375], [0.004524852614849806, 0.000367932632798329, 0.9999896883964539, -341.91314697265625], [0.0, 0.0, 0.0, 1.0]], 'position': (23.29969059703012, 0.7925200792851683, 0.08357903778929199), 'yaw': -3.082770881960995, 'color_rgb': None, 'color_name': None, 'lane_type': carla.libcarla.LaneType.Driving, 'lane_type_str': 'Driving', 'is_in_junction': False, 'junction_id': -1, 'distance_to_junction': None, 'next_junction_id': -1, 'next_road_ids': [370], 'next_next_road_ids': [12661], 'same_road_as_ego': True, 'same_direction_as_ego': True, 'lane_relative_to_ego': 0, 'steer': -0.01214097480598056, 'vehicle_cuts_in': False}, {'class': 'vehicle', 'state': 'dynamic', 'id': '23242', 'location': [1796.4407958984375, -1706.5609130859375, 334.38909912109375], 'rotation': [0.003121396293863654, -0.24267572164535522, -176.7421112060547], 'bbx_loc': [0.0, 7.629394360719743e-08, 0.8157447576522827], 'center': [1796.440673828125, -1706.5574951171875, 335.204833984375], 'extent': [0.8281218409538269, 0.2912190854549408, 0.8098834753036499], 'world_cord': [[1795.6302490234375, -1706.891845703125, 336.0159912109375], [1795.630615234375, -1706.898681640625, 334.396240234375], [1795.59716796875, -1706.310302734375, 336.0135192871094], [1795.597412109375, -1706.3172607421875, 334.3937683105469], [1797.2838134765625, -1706.7977294921875, 336.0158996582031], [1797.2841796875, -1706.8045654296875, 334.3961486816406], [1797.250732421875, -1706.2161865234375, 336.013427734375], [1797.2509765625, -1706.2230224609375, 334.3936767578125]], 'semantic_tags': [19, 4], 'type_id': 'vehicle.diamondback.century', 'color': '214,0,0', 'base_type': 'bicycle', 'num_points': 25, 'distance': 14.65755611824124, 'speed': 2.0568713287161584, 'brake': 0.0, 'light_state': '3', 'road_id': 370, 'lane_id': -1, 'section_id': 1, 'world2vehicle': [[-0.9983838796615601, -0.05683020129799843, 5.4478641686728224e-05, 1696.5350341796875], [0.05682992562651634, -0.9983749389648438, 0.004235477652400732, -1807.29541015625], [-0.00018631292914506048, 0.004231728613376617, 0.9999910593032837, -326.8297119140625], [0.0, 0.0, 0.0, 1.0]], 'position': (14.636489006619286, 0.7848383486373223, 0.021803001358165375), 'yaw': -3.082770881960995, 'color_rgb': None, 'color_name': None, 'lane_type': carla.libcarla.LaneType.Driving, 'lane_type_str': 'Driving', 'is_in_junction': False, 'junction_id': -1, 'distance_to_junction': None, 'next_junction_id': -1, 'next_road_ids': [370], 'next_next_road_ids': [12661], 'same_road_as_ego': True, 'same_direction_as_ego': True, 'lane_relative_to_ego': 0, 'steer': 0.08983542875224333, 'vehicle_cuts_in': False}]
[debug] into second branch, scenario_name = HazardAtSideLaneTwoWays
[debug] current frame is 70
[debug] hazardous_actors = [{'class': 'vehicle', 'state': 'dynamic', 'id': '23242', 'location': [1795.414306640625, -1706.6268310546875, 334.39459228515625], 'rotation': [0.0024315472692251205, 0.24589520692825317, -176.21266174316406], 'bbx_loc': [0.0, 7.629394360719743e-08, 0.8157447576522827], 'center': [1795.41455078125, -1706.63037109375, 335.2103271484375], 'extent': [0.8281218409538269, 0.2912190854549408, 0.8098834753036499], 'world_cord': [[1794.6077880859375, -1706.9791259765625, 336.01898193359375], [1794.607177734375, -1706.97216796875, 334.39923095703125], [1794.5693359375, -1706.39794921875, 336.021484375], [1794.5687255859375, -1706.3909912109375, 334.4017333984375], [1796.2603759765625, -1706.86962890625, 336.0189208984375], [1796.2598876953125, -1706.86279296875, 334.399169921875], [1796.221923828125, -1706.2884521484375, 336.02142333984375], [1796.221435546875, -1706.2816162109375, 334.40167236328125]], 'semantic_tags': [19, 4], 'type_id': 'vehicle.diamondback.century', 'color': '214,0,0', 'base_type': 'bicycle', 'num_points': 33, 'distance': 11.635286013761299, 'speed': 2.057750895292801, 'brake': 0.0, 'light_state': '3', 'road_id': 370, 'lane_id': -1, 'section_id': 1, 'world2vehicle': [[-0.9978160858154297, -0.06605333834886551, 4.2438507080078125e-05, 1678.750732421875], [0.06605254858732224, -0.9978068470954895, -0.004291668068617582, -1820.04052734375], [0.00032582442509010434, -0.0042794919572770596, 0.9999907612800598, -342.2799987792969], [0.0, 0.0, 0.0, 1.0]], 'position': (11.579876063561187, 1.1338817201019538, 0.016785158176638504), 'yaw': -3.1043552699638695, 'color_rgb': None, 'color_name': None, 'lane_type': carla.libcarla.LaneType.Driving, 'lane_type_str': 'Driving', 'is_in_junction': False, 'junction_id': -1, 'distance_to_junction': None, 'next_junction_id': -1, 'next_road_ids': [370], 'next_next_road_ids': [12661], 'same_road_as_ego': True, 'same_direction_as_ego': True, 'lane_relative_to_ego': 0, 'steer': -0.09508304789809878, 'vehicle_cuts_in': False}]
[debug] in HazardAtSideLaneTwoWays, bicycles = [{'class': 'vehicle', 'state': 'dynamic', 'id': '23243', 'location': [1786.744384765625, -1707.13525390625, 334.4608459472656], 'rotation': [0.28011971712112427, -0.027099609375, -176.49325561523438], 'bbx_loc': [0.0, 7.629394360719743e-08, 0.8082212805747986], 'center': [1786.748291015625, -1707.1346435546875, 335.26904296875], 'extent': [0.7546613812446594, 0.4329703152179718, 0.8061768412590027], 'world_cord': [[1786.0255126953125, -1707.6123046875, 336.0791320800781], [1786.0177001953125, -1707.613525390625, 334.466796875], [1785.9725341796875, -1706.748046875, 336.0787048339844], [1785.9647216796875, -1706.749267578125, 334.46636962890625], [1787.531982421875, -1707.52001953125, 336.0717468261719], [1787.524169921875, -1707.521240234375, 334.45941162109375], [1787.47900390625, -1706.6556396484375, 336.0713195800781], [1787.47119140625, -1706.656982421875, 334.458984375]], 'semantic_tags': [19, 4], 'type_id': 'vehicle.bh.crossbike', 'color': '20,78,217', 'base_type': 'bicycle', 'num_points': 5, 'distance': 20.30564048045454, 'speed': 2.1264226309402776, 'brake': 0.0, 'light_state': '3', 'road_id': 370, 'lane_id': -1, 'section_id': 1, 'world2vehicle': [[-0.998115599155426, -0.06116540729999542, 0.004888991825282574, 1677.32470703125], [0.06116844341158867, -0.9981273412704468, 0.00047297170385718346, -1813.388916015625], [0.004850906785577536, 0.000771132530644536, 0.9999879002571106, -341.80767822265625], [0.0, 0.0, 0.0, 1.0]], 'position': (20.262786600112122, 1.319139071593554, 0.07316285494403019), 'yaw': -3.1043552699638695, 'color_rgb': None, 'color_name': None, 'lane_type': carla.libcarla.LaneType.Driving, 'lane_type_str': 'Driving', 'is_in_junction': False, 'junction_id': -1, 'distance_to_junction': None, 'next_junction_id': -1, 'next_road_ids': [370], 'next_next_road_ids': [12661], 'same_road_as_ego': True, 'same_direction_as_ego': True, 'lane_relative_to_ego': 0, 'steer': 0.023544572975411848, 'vehicle_cuts_in': False}, {'class': 'vehicle', 'state': 'dynamic', 'id': '23242', 'location': [1795.414306640625, -1706.6268310546875, 334.39459228515625], 'rotation': [0.0024315472692251205, 0.24589520692825317, -176.21266174316406], 'bbx_loc': [0.0, 7.629394360719743e-08, 0.8157447576522827], 'center': [1795.41455078125, -1706.63037109375, 335.2103271484375], 'extent': [0.8281218409538269, 0.2912190854549408, 0.8098834753036499], 'world_cord': [[1794.6077880859375, -1706.9791259765625, 336.01898193359375], [1794.607177734375, -1706.97216796875, 334.39923095703125], [1794.5693359375, -1706.39794921875, 336.021484375], [1794.5687255859375, -1706.3909912109375, 334.4017333984375], [1796.2603759765625, -1706.86962890625, 336.0189208984375], [1796.2598876953125, -1706.86279296875, 334.399169921875], [1796.221923828125, -1706.2884521484375, 336.02142333984375], [1796.221435546875, -1706.2816162109375, 334.40167236328125]], 'semantic_tags': [19, 4], 'type_id': 'vehicle.diamondback.century', 'color': '214,0,0', 'base_type': 'bicycle', 'num_points': 33, 'distance': 11.635286013761299, 'speed': 2.057750895292801, 'brake': 0.0, 'light_state': '3', 'road_id': 370, 'lane_id': -1, 'section_id': 1, 'world2vehicle': [[-0.9978160858154297, -0.06605333834886551, 4.2438507080078125e-05, 1678.750732421875], [0.06605254858732224, -0.9978068470954895, -0.004291668068617582, -1820.04052734375], [0.00032582442509010434, -0.0042794919572770596, 0.9999907612800598, -342.2799987792969], [0.0, 0.0, 0.0, 1.0]], 'position': (11.579876063561187, 1.1338817201019538, 0.016785158176638504), 'yaw': -3.1043552699638695, 'color_rgb': None, 'color_name': None, 'lane_type': carla.libcarla.LaneType.Driving, 'lane_type_str': 'Driving', 'is_in_junction': False, 'junction_id': -1, 'distance_to_junction': None, 'next_junction_id': -1, 'next_road_ids': [370], 'next_next_road_ids': [12661], 'same_road_as_ego': True, 'same_direction_as_ego': True, 'lane_relative_to_ego': 0, 'steer': -0.09508304789809878, 'vehicle_cuts_in': False}]
[debug] into second branch, scenario_name = HazardAtSideLaneTwoWays
[debug] current frame is 75
[debug] hazardous_actors = []
[debug] current frame is 80
[debug] hazardous_actors = []
[debug] current frame is 85
[debug] hazardous_actors = []
[debug] current frame is 90
[debug] hazardous_actors = []
[debug] current frame is 95
[debug] hazardous_actors = []
[debug] current frame is 100
[debug] hazardous_actors = []
[debug] current frame is 105
[debug] hazardous_actors = []
[debug] current frame is 110
[debug] hazardous_actors = []
[debug] current frame is 115
[debug] hazardous_actors = []
[debug] current frame is 120
[debug] hazardous_actors = []
[debug] current frame is 125
[debug] hazardous_actors = []
[debug] current frame is 130
[debug] hazardous_actors = []
[debug] current frame is 135
[debug] hazardous_actors = []
[debug] current frame is 140
[debug] hazardous_actors = []
[debug] current frame is 145
[debug] hazardous_actors = []
[debug] current frame is 150
[debug] hazardous_actors = []
[debug] current frame is 155
[debug] hazardous_actors = []
[debug] current frame is 160
[debug] hazardous_actors = []
[debug] current frame is 165
[debug] hazardous_actors = []
[debug] current frame is 170
[debug] hazardous_actors = []
[debug] current frame is 175
[debug] hazardous_actors = [{'class': 'vehicle', 'state': 'dynamic', 'id': '23242', 'location': [1773.85302734375, -1707.891845703125, 334.5131530761719], 'rotation': [0.08047328144311905, -0.246734619140625, -177.05430603027344], 'bbx_loc': [0.0, 7.629394360719743e-08, 0.8157447576522827], 'center': [1773.85400390625, -1707.8883056640625, 335.3288879394531], 'extent': [0.8281218409538269, 0.2912190854549408, 0.8098834753036499], 'world_cord': [[1773.0428466796875, -1708.2181396484375, 336.14117431640625], [1773.041015625, -1708.2252197265625, 334.52142333984375], [1773.012939453125, -1707.636474609375, 336.138671875], [1773.010986328125, -1707.6435546875, 334.5189208984375], [1774.6968994140625, -1708.133056640625, 336.13885498046875], [1774.695068359375, -1708.14013671875, 334.51910400390625], [1774.6669921875, -1707.5513916015625, 336.1363525390625], [1774.6650390625, -1707.5584716796875, 334.5166015625]], 'semantic_tags': [19, 4], 'type_id': 'vehicle.diamondback.century', 'color': '214,0,0', 'base_type': 'bicycle', 'num_points': 53, 'distance': 9.757614589574677, 'speed': 2.056991272527228, 'brake': 0.0, 'light_state': '3', 'road_id': 370, 'lane_id': -1, 'section_id': 1, 'world2vehicle': [[-0.998677670955658, -0.05138932168483734, 0.0014045232674106956, 1683.2701416015625], [0.05139493569731712, -0.9986690878868103, 0.004306313581764698, -1798.2264404296875], [0.001181355444714427, 0.004372804891318083, 0.9999896883964539, -329.136962890625], [0.0, 0.0, 0.0, 1.0]], 'position': (7.779712138927152, 5.888229187378329, 0.13869766753850854), 'yaw': 2.758240202052811, 'color_rgb': None, 'color_name': None, 'lane_type': carla.libcarla.LaneType.Driving, 'lane_type_str': 'Driving', 'is_in_junction': False, 'junction_id': -1, 'distance_to_junction': None, 'next_junction_id': -1, 'next_road_ids': [370], 'next_next_road_ids': [12661], 'same_road_as_ego': True, 'same_direction_as_ego': True, 'lane_relative_to_ego': 0, 'steer': 0.08732880205340256, 'vehicle_cuts_in': False}]
[debug] in HazardAtSideLaneTwoWays, bicycles = [{'class': 'vehicle', 'state': 'dynamic', 'id': '23243', 'location': [1765.0574951171875, -1708.3389892578125, 334.602294921875], 'rotation': [0.5085690021514893, -0.0209350548684597, -176.50088500976562], 'bbx_loc': [0.0, 7.629394360719743e-08, 0.8082212805747986], 'center': [1765.064697265625, -1708.3382568359375, 335.4104919433594], 'extent': [0.7546613812446594, 0.4329703152179718, 0.8061768412590027], 'world_cord': [[1764.344970703125, -1708.8157958984375, 336.2234802246094], [1764.3306884765625, -1708.8172607421875, 334.6112060546875], [1764.2921142578125, -1707.951416015625, 336.2231750488281], [1764.27783203125, -1707.952880859375, 334.6108703613281], [1765.8514404296875, -1708.7236328125, 336.2100830078125], [1765.837158203125, -1708.72509765625, 334.5978088378906], [1765.798583984375, -1707.8592529296875, 336.20977783203125], [1765.7843017578125, -1707.8607177734375, 334.59747314453125]], 'semantic_tags': [19, 4], 'type_id': 'vehicle.bh.crossbike', 'color': '20,78,217', 'base_type': 'bicycle', 'num_points': 13, 'distance': 18.45873706544188, 'speed': 2.0728499348631115, 'brake': 0.0, 'light_state': '3', 'road_id': 370, 'lane_id': -1, 'section_id': 1, 'world2vehicle': [[-0.9980964064598083, -0.061030711978673935, 0.00887608714401722, 1654.4664306640625], [0.06103634834289551, -0.998135507106781, 0.0003653712337836623, -1813.0087890625], [0.00883723795413971, 0.0009064396726898849, 0.9999605417251587, -348.6387939453125], [0.0, 0.0, 0.0, 1.0]], 'position': (15.770025500052725, 9.590672292141335, 0.265492394615535), 'yaw': 2.758240202052811, 'color_rgb': None, 'color_name': None, 'lane_type': carla.libcarla.LaneType.Driving, 'lane_type_str': 'Driving', 'is_in_junction': False, 'junction_id': -1, 'distance_to_junction': None, 'next_junction_id': -1, 'next_road_ids': [370], 'next_next_road_ids': [12661], 'same_road_as_ego': True, 'same_direction_as_ego': True, 'lane_relative_to_ego': 0, 'steer': 0.04902437173746217, 'vehicle_cuts_in': False}, {'class': 'vehicle', 'state': 'dynamic', 'id': '23242', 'location': [1773.85302734375, -1707.891845703125, 334.5131530761719], 'rotation': [0.08047328144311905, -0.246734619140625, -177.05430603027344], 'bbx_loc': [0.0, 7.629394360719743e-08, 0.8157447576522827], 'center': [1773.85400390625, -1707.8883056640625, 335.3288879394531], 'extent': [0.8281218409538269, 0.2912190854549408, 0.8098834753036499], 'world_cord': [[1773.0428466796875, -1708.2181396484375, 336.14117431640625], [1773.041015625, -1708.2252197265625, 334.52142333984375], [1773.012939453125, -1707.636474609375, 336.138671875], [1773.010986328125, -1707.6435546875, 334.5189208984375], [1774.6968994140625, -1708.133056640625, 336.13885498046875], [1774.695068359375, -1708.14013671875, 334.51910400390625], [1774.6669921875, -1707.5513916015625, 336.1363525390625], [1774.6650390625, -1707.5584716796875, 334.5166015625]], 'semantic_tags': [19, 4], 'type_id': 'vehicle.diamondback.century', 'color': '214,0,0', 'base_type': 'bicycle', 'num_points': 53, 'distance': 9.757614589574677, 'speed': 2.056991272527228, 'brake': 0.0, 'light_state': '3', 'road_id': 370, 'lane_id': -1, 'section_id': 1, 'world2vehicle': [[-0.998677670955658, -0.05138932168483734, 0.0014045232674106956, 1683.2701416015625], [0.05139493569731712, -0.9986690878868103, 0.004306313581764698, -1798.2264404296875], [0.001181355444714427, 0.004372804891318083, 0.9999896883964539, -329.136962890625], [0.0, 0.0, 0.0, 1.0]], 'position': (7.779712138927152, 5.888229187378329, 0.13869766753850854), 'yaw': 2.758240202052811, 'color_rgb': None, 'color_name': None, 'lane_type': carla.libcarla.LaneType.Driving, 'lane_type_str': 'Driving', 'is_in_junction': False, 'junction_id': -1, 'distance_to_junction': None, 'next_junction_id': -1, 'next_road_ids': [370], 'next_next_road_ids': [12661], 'same_road_as_ego': True, 'same_direction_as_ego': True, 'lane_relative_to_ego': 0, 'steer': 0.08732880205340256, 'vehicle_cuts_in': False}]
[debug] current frame is 180
[debug] hazardous_actors = []
[debug] current frame is 185
[debug] hazardous_actors = []
[debug] current frame is 190
[debug] hazardous_actors = []
[debug] current frame is 195
[debug] hazardous_actors = []
[debug] current frame is 200
[debug] hazardous_actors = []
[debug] current frame is 205
[debug] hazardous_actors = []
[debug] current frame is 210
[debug] hazardous_actors = []
[debug] current frame is 215
[debug] hazardous_actors = []
[debug] current frame is 220
[debug] hazardous_actors = []
[debug] current frame is 225
[debug] hazardous_actors = []
[debug] current frame is 230
[debug] hazardous_actors = []
[debug] current frame is 235
[debug] hazardous_actors = []
[debug] current frame is 240
[debug] hazardous_actors = []
[debug] current frame is 245
[debug] hazardous_actors = []
[debug] current frame is 0
[debug] hazardous_actors = []
[debug] current frame is 5
[debug] hazardous_actors = []
[debug] current frame is 10
[debug] hazardous_actors = []
[debug] current frame is 15
[debug] hazardous_actors = []
[debug] current frame is 20
[debug] hazardous_actors = []
[debug] current frame is 25
[debug] hazardous_actors = []
[debug] current frame is 30
[debug] hazardous_actors = []
[debug] current frame is 35
[debug] hazardous_actors = []
[debug] current frame is 40
[debug] hazardous_actors = []
[debug] current frame is 45
[debug] hazardous_actors = []
[debug] current frame is 50
[debug] hazardous_actors = []
[debug] current frame is 55
[debug] hazardous_actors = []
[debug] current frame is 60
[debug] hazardous_actors = []
[debug] current frame is 65
[debug] hazardous_actors = []
[debug] current frame is 70
[debug] hazardous_actors = []
[debug] current frame is 75
[debug] hazardous_actors = []
[debug] current frame is 80
[debug] hazardous_actors = []
[debug] current frame is 85
[debug] hazardous_actors = []
[debug] current frame is 90
[debug] hazardous_actors = []
[debug] current frame is 95
[debug] hazardous_actors = []
[debug] current frame is 100
[debug] hazardous_actors = []
[debug] current frame is 105
[debug] hazardous_actors = []
[debug] current frame is 110
[debug] hazardous_actors = []
[debug] current frame is 115
[debug] hazardous_actors = []
[debug] current frame is 120
[debug] hazardous_actors = []
[debug] current frame is 125
[debug] hazardous_actors = []
[debug] current frame is 130
[debug] hazardous_actors = []
[debug] current frame is 135
[debug] hazardous_actors = []
[debug] current frame is 140
[debug] hazardous_actors = []
[debug] current frame is 145
[debug] hazardous_actors = []
[debug] current frame is 150
[debug] hazardous_actors = []
[debug] current frame is 155
[debug] hazardous_actors = []
[debug] current frame is 160
[debug] hazardous_actors = []
[debug] current frame is 165
[debug] hazardous_actors = []
[debug] current frame is 170
[debug] hazardous_actors = []
[debug] current frame is 175
[debug] hazardous_actors = []
[debug] current frame is 180
[debug] hazardous_actors = []
[debug] current frame is 185
[debug] hazardous_actors = []
[debug] current frame is 190
[debug] hazardous_actors = []
[debug] current frame is 195
[debug] hazardous_actors = []
[debug] current frame is 200
[debug] hazardous_actors = []
[debug] current frame is 205
[debug] hazardous_actors = []
[debug] current frame is 210
[debug] hazardous_actors = []
[debug] current frame is 215
[debug] hazardous_actors = []
[debug] current frame is 220
[debug] hazardous_actors = []
[debug] current frame is 225
[debug] hazardous_actors = []
[debug] current frame is 230
[debug] hazardous_actors = []
Stats saved.
