[debug] current frame is 0
[debug] hazardous_actors = []
[debug] current frame is 5
[debug] hazardous_actors = []
[debug] current frame is 10
[debug] hazardous_actors = []
[debug] current frame is 15
[debug] hazardous_actors = []
[debug] in HazardAtSideLaneTwoWays, bicycles = [{'class': 'vehicle', 'state': 'dynamic', 'id': '23243', 'location': [1793.040771484375, -1706.76904296875, 334.4247131347656], 'rotation': [0.290317177772522, 0.04778613522648811, -176.5132293701172], 'bbx_loc': [0.0, 7.629394360719743e-08, 0.8082212805747986], 'center': [1793.044921875, -1706.7694091796875, 335.23291015625], 'extent': [0.7546613812446594, 0.4329703152179718, 0.8061768412590027], 'world_cord': [[1792.3221435546875, -1707.2479248046875, 336.04254150390625], [1792.3138427734375, -1707.2470703125, 334.4302062988281], [1792.2694091796875, -1706.3836669921875, 336.04327392578125], [1792.26123046875, -1706.3828125, 334.4309387207031], [1793.82861328125, -1707.1561279296875, 336.034912109375], [1793.8203125, -1707.1552734375, 334.4225769042969], [1793.7760009765625, -1706.2918701171875, 336.0356140136719], [1793.7677001953125, -1706.291015625, 334.4233093261719]], 'semantic_tags': [19, 4], 'type_id': 'vehicle.bh.crossbike', 'color': '20,78,217', 'base_type': 'bicycle', 'num_points': 0, 'distance': 58.36623821755432, 'speed': 0.0, 'brake': 0.0, 'light_state': '3', 'road_id': 370, 'lane_id': -1, 'section_id': 1, 'world2vehicle': [[-0.998136043548584, -0.06081720441579819, 0.005066968500614166, 1684.203125], [0.060813743621110916, -0.9981487393379211, -0.0008340145577676594, -1812.3719482421875], [0.005108310375362635, -0.0005243186606094241, 0.9999868273735046, -344.474609375], [0.0, 0.0, 0.0, 1.0]], 'position': (58.36325932352588, 0.437586477234845, -0.39599727446051247), 'yaw': -3.064559387478706, 'color_rgb': None, 'color_name': None, 'lane_type': carla.libcarla.LaneType.Driving, 'lane_type_str': 'Driving', 'is_in_junction': False, 'junction_id': -1, 'distance_to_junction': None, 'next_junction_id': -1, 'next_road_ids': [370], 'next_next_road_ids': [12661], 'same_road_as_ego': True, 'same_direction_as_ego': True, 'lane_relative_to_ego': 0, 'steer': 0.0, 'vehicle_cuts_in': False}, {'class': 'vehicle', 'state': 'dynamic', 'id': '23242', 'location': [1802.0321044921875, -1706.21533203125, 334.3665466308594], 'rotation': [-0.10653728246688843, 0.0024478109553456306, -176.38304138183594], 'bbx_loc': [0.0, 7.629394360719743e-08, 0.8157447576522827], 'center': [1802.0306396484375, -1706.2154541015625, 335.1822814941406], 'extent': [0.8281218409538269, 0.2912190854549408, 0.8098834753036499], 'world_cord': [[1801.220947265625, -1706.5584716796875, 335.9906311035156], [1801.2239990234375, -1706.5582275390625, 334.370849609375], [1801.1842041015625, -1705.9771728515625, 335.9906311035156], [1801.187255859375, -1705.9769287109375, 334.3708801269531], [1802.8739013671875, -1706.4539794921875, 335.99371337890625], [1802.876953125, -1706.4537353515625, 334.3739318847656], [1802.837158203125, -1705.8726806640625, 335.99371337890625], [1802.8402099609375, -1705.8724365234375, 334.37396240234375]], 'semantic_tags': [19, 4], 'type_id': 'vehicle.diamondback.century', 'color': '214,0,0', 'base_type': 'bicycle', 'num_points': 0, 'distance': 49.36069544978892, 'speed': 0.0, 'brake': 0.0, 'light_state': '3', 'road_id': 370, 'lane_id': -1, 'section_id': 1, 'world2vehicle': [[-0.9980063438415527, -0.0630858764052391, -0.0018594253342598677, 1691.423095703125], [0.06308607012033463, -0.9980080723762512, -4.2722287616925314e-05, -1816.4854736328125], [-0.0018530263332650065, -0.0001599409442860633, 0.9999982714653015, -331.2996520996094], [0.0, 0.0, 0.0, 1.0]], 'position': (49.355791925974245, 0.5774638999014314, -0.40021201378255), 'yaw': -3.064559387478706, 'color_rgb': None, 'color_name': None, 'lane_type': carla.libcarla.LaneType.Driving, 'lane_type_str': 'Driving', 'is_in_junction': False, 'junction_id': -1, 'distance_to_junction': None, 'next_junction_id': -1, 'next_road_ids': [370], 'next_next_road_ids': [12661], 'same_road_as_ego': True, 'same_direction_as_ego': True, 'lane_relative_to_ego': 0, 'steer': 0.0, 'vehicle_cuts_in': False}]
[debug] into second branch, scenario_name = HazardAtSideLaneTwoWays
[debug] current frame is 20
[debug] hazardous_actors = [{'class': 'vehicle', 'state': 'dynamic', 'id': '23280', 'location': [1837.61572265625, -1702.86279296875, 334.4290466308594], 'rotation': [-0.1398003101348877, -0.0025024409405887127, -175.36672973632812], 'bbx_loc': [6.107494118623435e-05, 0.001811878988519311, 0.7014871835708618], 'center': [1837.6141357421875, -1702.86474609375, 335.1305236816406], 'extent': [2.6787397861480713, 1.0166014432907104, 0.7053293585777283], 'world_cord': [[1835.0245361328125, -1704.094482421875, 335.8293762207031], [1835.0279541015625, -1704.09423828125, 334.418701171875], [1834.8602294921875, -1702.06787109375, 335.82928466796875], [1834.86376953125, -1702.0677490234375, 334.4186096191406], [1840.364501953125, -1703.6617431640625, 335.8424377441406], [1840.367919921875, -1703.6614990234375, 334.4317932128906], [1840.2001953125, -1701.6351318359375, 335.84234619140625], [1840.2037353515625, -1701.6348876953125, 334.43170166015625]], 'semantic_tags': [14], 'type_id': 'vehicle.chevrolet.impala', 'color': '0,12,49', 'base_type': 'car', 'num_points': 304, 'distance': 9.666185478896375, 'speed': 3.3490882482148185, 'brake': 0.0, 'light_state': '3', 'road_id': 370, 'lane_id': -1, 'section_id': 1, 'world2vehicle': [[-0.9967291355133057, -0.08077742904424667, -0.002439973410218954, 1694.8682861328125], [0.08077756315469742, -0.9967321157455444, 4.367570363683626e-05, -1845.750732421875], [-0.0024355279747396708, -0.000153562257764861, 0.9999970197677612, -330.2139587402344], [0.0, 0.0, 0.0, 1.0]], 'position': (9.666199527437357, -0.026530802280149146, -0.04375064108147697), 'yaw': -3.0645665780136495, 'color_rgb': None, 'color_name': None, 'lane_type': carla.libcarla.LaneType.Driving, 'lane_type_str': 'Driving', 'is_in_junction': False, 'junction_id': -1, 'distance_to_junction': None, 'next_junction_id': -1, 'next_road_ids': [370], 'next_next_road_ids': [12661], 'same_road_as_ego': True, 'same_direction_as_ego': True, 'lane_relative_to_ego': 0, 'steer': -0.003901486725999981, 'vehicle_cuts_in': False}]
[debug] in HazardAtSideLaneTwoWays, bicycles = [{'class': 'vehicle', 'state': 'dynamic', 'id': '23243', 'location': [1793.040771484375, -1706.76904296875, 334.42529296875], 'rotation': [0.29045379161834717, 0.03567609563469887, -176.51318359375], 'bbx_loc': [0.0, 7.629394360719743e-08, 0.8082212805747986], 'center': [1793.044921875, -1706.769287109375, 335.2334899902344], 'extent': [0.7546613812446594, 0.4329703152179718, 0.8061768412590027], 'world_cord': [[1792.322021484375, -1707.24755859375, 336.043212890625], [1792.3138427734375, -1707.2470703125, 334.430908203125], [1792.2694091796875, -1706.38330078125, 336.04376220703125], [1792.26123046875, -1706.3828125, 334.4314270019531], [1793.82861328125, -1707.15576171875, 336.03558349609375], [1793.8203125, -1707.1552734375, 334.4232482910156], [1793.77587890625, -1706.29150390625, 336.0361022949219], [1793.7677001953125, -1706.291015625, 334.42376708984375]], 'semantic_tags': [19, 4], 'type_id': 'vehicle.bh.crossbike', 'color': '20,78,217', 'base_type': 'bicycle', 'num_points': 0, 'distance': 54.41128358146182, 'speed': -1.686859053585635e-05, 'brake': 0.0, 'light_state': '3', 'road_id': 370, 'lane_id': -1, 'section_id': 1, 'world2vehicle': [[-0.9981359243392944, -0.060818154364824295, 0.005069353152066469, 1684.2005615234375], [0.06081577390432358, -0.9981487989425659, -0.0006226572440937161, -1812.4464111328125], [0.005097837653011084, -0.0003131999692413956, 0.9999869465827942, -344.09613037109375], [0.0, 0.0, 0.0, 1.0]], 'position': (54.409516412854146, 0.43809855632275685, -0.1126393322922361), 'yaw': -3.0645665780136495, 'color_rgb': None, 'color_name': None, 'lane_type': carla.libcarla.LaneType.Driving, 'lane_type_str': 'Driving', 'is_in_junction': False, 'junction_id': -1, 'distance_to_junction': None, 'next_junction_id': -1, 'next_road_ids': [370], 'next_next_road_ids': [12661], 'same_road_as_ego': True, 'same_direction_as_ego': True, 'lane_relative_to_ego': 0, 'steer': 0.0, 'vehicle_cuts_in': False}, {'class': 'vehicle', 'state': 'dynamic', 'id': '23242', 'location': [1802.0321044921875, -1706.21533203125, 334.36639404296875], 'rotation': [-0.10711785405874252, 0.0041666338220238686, -176.38308715820312], 'bbx_loc': [0.0, 7.629394360719743e-08, 0.8157447576522827], 'center': [1802.0306396484375, -1706.2154541015625, 335.18212890625], 'extent': [0.8281218409538269, 0.2912190854549408, 0.8098834753036499], 'world_cord': [[1801.220947265625, -1706.5584716796875, 335.9904479980469], [1801.2239990234375, -1706.5582275390625, 334.3706970214844], [1801.1842041015625, -1705.977294921875, 335.990478515625], [1801.187255859375, -1705.9769287109375, 334.3707275390625], [1802.8739013671875, -1706.4539794921875, 335.9935607910156], [1802.876953125, -1706.4537353515625, 334.373779296875], [1802.837158203125, -1705.872802734375, 335.99359130859375], [1802.8402099609375, -1705.8724365234375, 334.3738098144531]], 'semantic_tags': [19, 4], 'type_id': 'vehicle.diamondback.century', 'color': '214,0,0', 'base_type': 'bicycle', 'num_points': 0, 'distance': 45.40591661986553, 'speed': -7.761649227872974e-06, 'brake': 0.0, 'light_state': '3', 'road_id': 370, 'lane_id': -1, 'section_id': 1, 'world2vehicle': [[-0.9980064034461975, -0.0630849227309227, -0.001869558123871684, 1691.42822265625], [0.0630851686000824, -0.998008131980896, -7.272135553648695e-05, -1816.4739990234375], [-0.0018612465355545282, -0.00019051777780987322, 0.9999982714653015, -331.33685302734375], [0.0, 0.0, 0.0, 1.0]], 'position': (45.40215896140626, 0.5779111791857758, -0.15842773516102326), 'yaw': -3.0645665780136495, 'color_rgb': None, 'color_name': None, 'lane_type': carla.libcarla.LaneType.Driving, 'lane_type_str': 'Driving', 'is_in_junction': False, 'junction_id': -1, 'distance_to_junction': None, 'next_junction_id': -1, 'next_road_ids': [370], 'next_next_road_ids': [12661], 'same_road_as_ego': True, 'same_direction_as_ego': True, 'lane_relative_to_ego': 0, 'steer': 0.0, 'vehicle_cuts_in': False}]
[debug] into second branch, scenario_name = HazardAtSideLaneTwoWays
[debug] current frame is 25
[debug] hazardous_actors = []
[debug] current frame is 30
[debug] hazardous_actors = []
[debug] current frame is 35
[debug] hazardous_actors = []
[debug] in HazardAtSideLaneTwoWays, bicycles = [{'class': 'vehicle', 'state': 'dynamic', 'id': '23243', 'location': [1792.692626953125, -1706.7943115234375, 334.4280700683594], 'rotation': [-0.7914344668388367, -0.048583973199129105, -176.75527954101562], 'bbx_loc': [0.0, 7.629394360719743e-08, 0.8082212805747986], 'center': [1792.681396484375, -1706.7943115234375, 335.2362060546875], 'extent': [0.7546613812446594, 0.4329703152179718, 0.8061768412590027], 'world_cord': [[1791.94140625, -1707.2691650390625, 336.0322570800781], [1791.9637451171875, -1707.269287109375, 334.4200439453125], [1791.8924560546875, -1706.4046630859375, 336.0315246582031], [1791.9146728515625, -1706.40478515625, 334.4193115234375], [1793.4481201171875, -1707.1837158203125, 336.0531005859375], [1793.470458984375, -1707.183837890625, 334.44091796875], [1793.399169921875, -1706.3192138671875, 336.0523681640625], [1793.4215087890625, -1706.3193359375, 334.440185546875]], 'semantic_tags': [19, 4], 'type_id': 'vehicle.bh.crossbike', 'color': '20,78,217', 'base_type': 'bicycle', 'num_points': 1, 'distance': 42.56181263508654, 'speed': 1.5356999352122498, 'brake': 0.0, 'light_state': '3', 'road_id': 370, 'lane_id': -1, 'section_id': 1, 'world2vehicle': [[-0.99830162525177, -0.0565953329205513, -0.013812697492539883, 1697.6707763671875], [0.056589022278785706, -0.998397171497345, 0.0008478692616336048, -1805.7889404296875], [-0.013838544487953186, 6.478227442130446e-05, 0.999904215335846, -309.4772033691406], [0.0, 0.0, 0.0, 1.0]], 'position': (42.55945843703216, 0.43691293410461185, 0.132415211106931), 'yaw': -3.0645740348647017, 'color_rgb': None, 'color_name': None, 'lane_type': carla.libcarla.LaneType.Driving, 'lane_type_str': 'Driving', 'is_in_junction': False, 'junction_id': -1, 'distance_to_junction': None, 'next_junction_id': -1, 'next_road_ids': [370], 'next_next_road_ids': [12661], 'same_road_as_ego': True, 'same_direction_as_ego': True, 'lane_relative_to_ego': 0, 'steer': 0.023534940268783864, 'vehicle_cuts_in': False}, {'class': 'vehicle', 'state': 'dynamic', 'id': '23242', 'location': [1801.7352294921875, -1706.2337646484375, 334.3675842285156], 'rotation': [-0.2659265697002411, 9.248202331946231e-06, -176.3983612060547], 'bbx_loc': [0.0, 7.629394360719743e-08, 0.8157447576522827], 'center': [1801.7314453125, -1706.2340087890625, 335.1833190917969], 'extent': [0.8281218409538269, 0.2912190854549408, 0.8098834753036499], 'world_cord': [[1800.9195556640625, -1706.576904296875, 335.9893493652344], [1800.927001953125, -1706.576416015625, 334.3695983886719], [1800.8829345703125, -1705.99560546875, 335.9893493652344], [1800.890380859375, -1705.9951171875, 334.3695983886719], [1802.572509765625, -1706.472900390625, 335.9970397949219], [1802.5799560546875, -1706.472412109375, 334.3772888183594], [1802.535888671875, -1705.8916015625, 335.9970397949219], [1802.5433349609375, -1705.89111328125, 334.3772888183594]], 'semantic_tags': [19, 4], 'type_id': 'vehicle.diamondback.century', 'color': '214,0,0', 'base_type': 'bicycle', 'num_points': 2, 'distance': 33.50555807882655, 'speed': 0.8107430105021359, 'brake': 0.0, 'light_state': '3', 'road_id': 370, 'lane_id': -1, 'section_id': 1, 'world2vehicle': [[-0.9980141520500183, -0.06281833350658417, -0.004641277249902487, 1692.5263671875], [0.06281901150941849, -0.9980249404907227, -1.614098295021904e-07, -1816.047119140625], [-0.004632099997252226, -0.0002917215460911393, 0.9999892115592957, -326.5158996582031], [0.0, 0.0, 0.0, 1.0]], 'position': (33.5007589644822, 0.5737878888976411, 0.04437820786505142), 'yaw': -3.0645740348647017, 'color_rgb': None, 'color_name': None, 'lane_type': carla.libcarla.LaneType.Driving, 'lane_type_str': 'Driving', 'is_in_junction': False, 'junction_id': -1, 'distance_to_junction': None, 'next_junction_id': -1, 'next_road_ids': [370], 'next_next_road_ids': [12661], 'same_road_as_ego': True, 'same_direction_as_ego': True, 'lane_relative_to_ego': 0, 'steer': -0.004801628180631402, 'vehicle_cuts_in': False}]
[debug] into second branch, scenario_name = HazardAtSideLaneTwoWays
[debug] current frame is 40
[debug] hazardous_actors = []
[debug] in HazardAtSideLaneTwoWays, bicycles = [{'class': 'vehicle', 'state': 'dynamic', 'id': '23243', 'location': [1791.8665771484375, -1706.8389892578125, 334.4361267089844], 'rotation': [2.7257235050201416, 0.09239087253808975, -176.6437225341797], 'bbx_loc': [0.0, 7.629394360719743e-08, 0.8082212805747986], 'center': [1791.905029296875, -1706.8380126953125, 335.2434387207031], 'extent': [0.7546613812446594, 0.4329703152179718, 0.8061768412590027], 'world_cord': [[1791.2161865234375, -1707.3134765625, 336.0838928222656], [1791.1395263671875, -1707.3153076171875, 334.4733581542969], [1791.16552734375, -1706.448974609375, 336.0852966308594], [1791.0888671875, -1706.450927734375, 334.4747619628906], [1792.72119140625, -1707.2252197265625, 336.0121154785156], [1792.64453125, -1707.22705078125, 334.4015808105469], [1792.6705322265625, -1706.3607177734375, 336.0135192871094], [1792.5938720703125, -1706.3626708984375, 334.4029846191406]], 'semantic_tags': [19, 4], 'type_id': 'vehicle.bh.crossbike', 'color': '20,78,217', 'base_type': 'bicycle', 'num_points': 3, 'distance': 39.15326818166288, 'speed': 0.022565097552886267, 'brake': 0.19505490362644196, 'light_state': '3', 'road_id': 370, 'lane_id': -1, 'section_id': 1, 'world2vehicle': [[-0.9971554279327393, -0.05847843363881111, 0.04755490645766258, 1671.05224609375], [0.0584680400788784, -0.9982879757881165, -0.0016106999246403575, -1808.1451416015625], [0.04756768420338631, 0.0011743239592760801, 0.9988673329353333, -417.2878723144531], [0.0, 0.0, 0.0, 1.0]], 'position': (39.1507547952956, 0.41781833828486015, 0.1567290718589831), 'yaw': -3.0645687085425215, 'color_rgb': None, 'color_name': None, 'lane_type': carla.libcarla.LaneType.Driving, 'lane_type_str': 'Driving', 'is_in_junction': False, 'junction_id': -1, 'distance_to_junction': None, 'next_junction_id': -1, 'next_road_ids': [370], 'next_next_road_ids': [12661], 'same_road_as_ego': True, 'same_direction_as_ego': True, 'lane_relative_to_ego': 0, 'steer': -0.019851977634707325, 'vehicle_cuts_in': False}, {'class': 'vehicle', 'state': 'dynamic', 'id': '23242', 'location': [1801.216552734375, -1706.2662353515625, 334.3692932128906], 'rotation': [-0.2532634139060974, -0.0001831053668865934, -176.41265869140625], 'bbx_loc': [0.0, 7.629394360719743e-08, 0.8157447576522827], 'center': [1801.2130126953125, -1706.2664794921875, 335.1850280761719], 'extent': [0.8281218409538269, 0.2912190854549408, 0.8098834753036499], 'world_cord': [[1800.401123046875, -1706.609130859375, 335.9912414550781], [1800.408203125, -1706.608642578125, 334.3714904785156], [1800.3646240234375, -1706.02783203125, 335.9912414550781], [1800.371826171875, -1706.02734375, 334.3714904785156], [1802.0540771484375, -1706.5054931640625, 335.9985656738281], [1802.061279296875, -1706.505126953125, 334.3788146972656], [1802.0177001953125, -1705.9241943359375, 335.9985656738281], [1802.0247802734375, -1705.923828125, 334.3788146972656]], 'semantic_tags': [19, 4], 'type_id': 'vehicle.diamondback.century', 'color': '214,0,0', 'base_type': 'bicycle', 'num_points': 5, 'distance': 29.790094449276747, 'speed': 1.2565105869674111, 'brake': 0.0, 'light_state': '3', 'road_id': 370, 'lane_id': -1, 'section_id': 1, 'world2vehicle': [[-0.9980307817459106, -0.0625695064663887, -0.004420266021043062, 1692.3873291015625], [0.06257010251283646, -0.9980405569076538, 3.1957604278431972e-06, -1815.626220703125], [-0.004411804489791393, -0.00027338703512214124, 0.9999902248382568, -326.8858947753906], [0.0, 0.0, 0.0, 1.0]], 'position': (29.784712228033868, 0.5662204373022632, 0.057805839808445114), 'yaw': -3.0645687085425215, 'color_rgb': None, 'color_name': None, 'lane_type': carla.libcarla.LaneType.Driving, 'lane_type_str': 'Driving', 'is_in_junction': False, 'junction_id': -1, 'distance_to_junction': None, 'next_junction_id': -1, 'next_road_ids': [370], 'next_next_road_ids': [12661], 'same_road_as_ego': True, 'same_direction_as_ego': True, 'lane_relative_to_ego': 0, 'steer': -0.006557900429633029, 'vehicle_cuts_in': False}]
[debug] into second branch, scenario_name = HazardAtSideLaneTwoWays
[debug] current frame is 45
[debug] hazardous_actors = []
[debug] in HazardAtSideLaneTwoWays, bicycles = [{'class': 'vehicle', 'state': 'dynamic', 'id': '23243', 'location': [1791.278076171875, -1706.8790283203125, 334.4365539550781], 'rotation': [0.1393221914768219, 0.004274317063391209, -176.7108154296875], 'bbx_loc': [0.0, 7.629394360719743e-08, 0.8082212805747986], 'center': [1791.280029296875, -1706.8790283203125, 335.2447814941406], 'extent': [0.7546613812446594, 0.4329703152179718, 0.8061768412590027], 'world_cord': [[1790.553466796875, -1707.3544921875, 336.0527648925781], [1790.549560546875, -1707.3546142578125, 334.4403991699219], [1790.5037841796875, -1706.489990234375, 336.0528259277344], [1790.4998779296875, -1706.4901123046875, 334.4404602050781], [1792.060302734375, -1707.267822265625, 336.049072265625], [1792.056396484375, -1707.2679443359375, 334.4367370605469], [1792.0106201171875, -1706.4033203125, 336.04913330078125], [1792.0067138671875, -1706.4034423828125, 334.4367980957031]], 'semantic_tags': [19, 4], 'type_id': 'vehicle.bh.crossbike', 'color': '20,78,217', 'base_type': 'bicycle', 'num_points': 4, 'distance': 35.7892409388689, 'speed': 1.4410457145345597, 'brake': 0.0, 'light_state': '3', 'road_id': 370, 'lane_id': -1, 'section_id': 1, 'world2vehicle': [[-0.998349666595459, -0.057375356554985046, 0.0024316285271197557, 1689.575927734375], [0.05737534537911415, -0.9983526468276978, -7.460067718056962e-05, -1806.8173828125], [0.0024319030344486237, 6.503795157186687e-05, 0.9999970197677612, -338.6807556152344], [0.0, 0.0, 0.0, 1.0]], 'position': (35.78660503271885, 0.4124280367184383, 0.13992322382015487), 'yaw': -3.0645743011808104, 'color_rgb': None, 'color_name': None, 'lane_type': carla.libcarla.LaneType.Driving, 'lane_type_str': 'Driving', 'is_in_junction': False, 'junction_id': -1, 'distance_to_junction': None, 'next_junction_id': -1, 'next_road_ids': [370], 'next_next_road_ids': [12661], 'same_road_as_ego': True, 'same_direction_as_ego': True, 'lane_relative_to_ego': 0, 'steer': -0.0020238788377528135, 'vehicle_cuts_in': False}, {'class': 'vehicle', 'state': 'dynamic', 'id': '23242', 'location': [1800.4788818359375, -1706.3121337890625, 334.3717041015625], 'rotation': [-0.2503059208393097, -0.008453369140625, -176.4404296875], 'bbx_loc': [0.0, 7.629394360719743e-08, 0.8157447576522827], 'center': [1800.475341796875, -1706.312255859375, 335.18743896484375], 'extent': [0.8281218409538269, 0.2912190854549408, 0.8098834753036499], 'world_cord': [[1799.663330078125, -1706.6544189453125, 335.9937438964844], [1799.67041015625, -1706.6541748046875, 334.3739929199219], [1799.627197265625, -1706.0731201171875, 335.99365234375], [1799.63427734375, -1706.0728759765625, 334.3739013671875], [1801.31640625, -1706.5516357421875, 336.0009765625], [1801.323486328125, -1706.5513916015625, 334.3812255859375], [1801.2802734375, -1705.97021484375, 336.0008850097656], [1801.2872314453125, -1705.9700927734375, 334.3811340332031]], 'semantic_tags': [19, 4], 'type_id': 'vehicle.diamondback.century', 'color': '214,0,0', 'base_type': 'bicycle', 'num_points': 3, 'distance': 26.57551442606785, 'speed': 1.6893399872913688, 'brake': 0.0, 'light_state': '3', 'road_id': 370, 'lane_id': -1, 'section_id': 1, 'world2vehicle': [[-0.9980612397193909, -0.06208576261997223, -0.004368648398667574, 1692.5111083984375], [0.06208571046590805, -0.9980708360671997, 0.0001475377066526562, -1814.853759765625], [-0.004369380418211222, -0.00012397898535709828, 0.9999904632568359, -326.7131042480469], [0.0, 0.0, 0.0, 1.0]], 'position': (26.569688059278633, 0.5551438558986774, 0.04786515624520149), 'yaw': -3.0645743011808104, 'color_rgb': None, 'color_name': None, 'lane_type': carla.libcarla.LaneType.Driving, 'lane_type_str': 'Driving', 'is_in_junction': False, 'junction_id': -1, 'distance_to_junction': None, 'next_junction_id': -1, 'next_road_ids': [370], 'next_next_road_ids': [12661], 'same_road_as_ego': True, 'same_direction_as_ego': True, 'lane_relative_to_ego': 0, 'steer': 0.00694219181239043, 'vehicle_cuts_in': False}]
[debug] into second branch, scenario_name = HazardAtSideLaneTwoWays
[debug] current frame is 50
[debug] hazardous_actors = []
[debug] current frame is 55
[debug] hazardous_actors = []
[debug] in HazardAtSideLaneTwoWays, bicycles = [{'class': 'vehicle', 'state': 'dynamic', 'id': '23243', 'location': [1789.832763671875, -1706.968994140625, 334.4439697265625], 'rotation': [-0.09698867797851562, -0.11840816587209702, -176.57542419433594], 'bbx_loc': [0.0, 7.629394360719743e-08, 0.8082212805747986], 'center': [1789.831298828125, -1706.9674072265625, 335.252197265625], 'extent': [0.7546613812446594, 0.4329703152179718, 0.8061768412590027], 'world_cord': [[1789.1024169921875, -1707.443115234375, 336.0579833984375], [1789.1053466796875, -1707.4462890625, 334.44561767578125], [1789.0506591796875, -1706.5787353515625, 336.0561828613281], [1789.0535888671875, -1706.5819091796875, 334.44384765625], [1790.6090087890625, -1707.3529052734375, 336.060546875], [1790.6119384765625, -1707.3560791015625, 334.44818115234375], [1790.5572509765625, -1706.488525390625, 336.0587463378906], [1790.5601806640625, -1706.49169921875, 334.4464111328125]], 'semantic_tags': [19, 4], 'type_id': 'vehicle.bh.crossbike', 'color': '20,78,217', 'base_type': 'bicycle', 'num_points': 3, 'distance': 29.337285546722555, 'speed': 1.992393264455541, 'brake': 0.0, 'light_state': '3', 'road_id': 370, 'lane_id': -1, 'section_id': 1, 'world2vehicle': [[-0.9982128739356995, -0.059734590351581573, -0.0016927709802985191, 1685.2352294921875], [0.05973105877637863, -0.9982123970985413, 0.0020666078198701143, -1811.517333984375], [-0.0018131929682567716, 0.0019618035294115543, 0.9999964237213135, -327.8487243652344], [0.0, 0.0, 0.0, 1.0]], 'position': (29.334820783496752, 0.39073374104373215, 0.0559395858114069), 'yaw': -3.0645705727552843, 'color_rgb': None, 'color_name': None, 'lane_type': carla.libcarla.LaneType.Driving, 'lane_type_str': 'Driving', 'is_in_junction': False, 'junction_id': -1, 'distance_to_junction': None, 'next_junction_id': -1, 'next_road_ids': [370], 'next_next_road_ids': [12661], 'same_road_as_ego': True, 'same_direction_as_ego': True, 'lane_relative_to_ego': 0, 'steer': 0.03476840752702187, 'vehicle_cuts_in': False}, {'class': 'vehicle', 'state': 'dynamic', 'id': '23242', 'location': [1798.494384765625, -1706.4349365234375, 334.378662109375], 'rotation': [-0.07272785156965256, -0.0731506273150444, -176.55247497558594], 'bbx_loc': [0.0, 7.629394360719743e-08, 0.8157447576522827], 'center': [1798.4932861328125, -1706.4339599609375, 335.19439697265625], 'extent': [0.8281218409538269, 0.2912190854549408, 0.8098834753036499], 'world_cord': [[1797.68310546875, -1706.7734375, 336.00360107421875], [1797.685302734375, -1706.775390625, 334.38385009765625], [1797.6480712890625, -1706.192138671875, 336.00286865234375], [1797.6502685546875, -1706.194091796875, 334.3830871582031], [1799.3363037109375, -1706.673828125, 336.0057067871094], [1799.3385009765625, -1706.67578125, 334.3859558105469], [1799.30126953125, -1706.092529296875, 336.0049743652344], [1799.303466796875, -1706.094482421875, 334.38519287109375]], 'semantic_tags': [19, 4], 'type_id': 'vehicle.diamondback.century', 'color': '214,0,0', 'base_type': 'bicycle', 'num_points': 7, 'distance': 20.664311237676994, 'speed': 2.0506542313057468, 'brake': 0.0, 'light_state': '3', 'road_id': 370, 'lane_id': -1, 'section_id': 1, 'world2vehicle': [[-0.9981894493103027, -0.06013445183634758, -0.0012693401658907533, 1693.047119140625], [0.06013283506035805, -0.9981895685195923, 0.0012767178704962134, -1811.9210205078125], [-0.0013438168680295348, 0.001198077341541648, 0.9999983310699463, -329.9168395996094], [0.0, 0.0, 0.0, 1.0]], 'position': (20.65776751741123, 0.5247337788655386, -0.006902238318370557), 'yaw': -3.0645705727552843, 'color_rgb': None, 'color_name': None, 'lane_type': carla.libcarla.LaneType.Driving, 'lane_type_str': 'Driving', 'is_in_junction': False, 'junction_id': -1, 'distance_to_junction': None, 'next_junction_id': -1, 'next_road_ids': [370], 'next_next_road_ids': [12661], 'same_road_as_ego': True, 'same_direction_as_ego': True, 'lane_relative_to_ego': 0, 'steer': 0.06251130965570408, 'vehicle_cuts_in': False}]
[debug] into second branch, scenario_name = HazardAtSideLaneTwoWays
[debug] current frame is 60
[debug] hazardous_actors = []
[debug] in HazardAtSideLaneTwoWays, bicycles = [{'class': 'vehicle', 'state': 'dynamic', 'id': '23243', 'location': [1788.830322265625, -1707.0224609375, 334.44964599609375], 'rotation': [0.19480381906032562, 0.06378509104251862, -176.3754425048828], 'bbx_loc': [0.0, 7.629394360719743e-08, 0.8082212805747986], 'center': [1788.8331298828125, -1707.023193359375, 335.25787353515625], 'extent': [0.7546613812446594, 0.4329703152179718, 0.8061768412590027], 'world_cord': [[1788.110107421875, -1707.503662109375, 336.0661315917969], [1788.1044921875, -1707.5023193359375, 334.4537658691406], [1788.055419921875, -1706.6395263671875, 336.06707763671875], [1788.0498046875, -1706.6380615234375, 334.4547424316406], [1789.616455078125, -1707.4083251953125, 336.06097412109375], [1789.61083984375, -1707.4068603515625, 334.4486389160156], [1789.5616455078125, -1706.5440673828125, 336.06195068359375], [1789.55615234375, -1706.5426025390625, 334.4496154785156]], 'semantic_tags': [19, 4], 'type_id': 'vehicle.bh.crossbike', 'color': '20,78,217', 'base_type': 'bicycle', 'num_points': 5, 'distance': 26.041208487803388, 'speed': 2.090996224516236, 'brake': 0.0, 'light_state': '3', 'road_id': 370, 'lane_id': -1, 'section_id': 1, 'world2vehicle': [[-0.9979939460754395, -0.06321791559457779, 0.003399961395189166, 1676.1903076171875], [0.06321446597576141, -0.997999370098114, -0.001113253179937601, -1816.31494140625], [0.0034635369665920734, -0.0008960932027548552, 0.999993622303009, -342.1728515625], [0.0, 0.0, 0.0, 1.0]], 'position': (26.038107845122113, 0.3667059173835696, 0.16859590444271078), 'yaw': -3.0645732359163746, 'color_rgb': None, 'color_name': None, 'lane_type': carla.libcarla.LaneType.Driving, 'lane_type_str': 'Driving', 'is_in_junction': False, 'junction_id': -1, 'distance_to_junction': None, 'next_junction_id': -1, 'next_road_ids': [370], 'next_next_road_ids': [12661], 'same_road_as_ego': True, 'same_direction_as_ego': True, 'lane_relative_to_ego': 0, 'steer': -0.007519650244489988, 'vehicle_cuts_in': False}, {'class': 'vehicle', 'state': 'dynamic', 'id': '23242', 'location': [1797.4676513671875, -1706.5008544921875, 334.3836364746094], 'rotation': [0.008606038056313992, 0.22294455766677856, -176.18397521972656], 'bbx_loc': [0.0, 7.629394360719743e-08, 0.8157447576522827], 'center': [1797.468017578125, -1706.5040283203125, 335.1993713378906], 'extent': [0.8281218409538269, 0.2912190854549408, 0.8098834753036499], 'world_cord': [[1796.661376953125, -1706.852783203125, 336.00823974609375], [1796.6607666015625, -1706.8465576171875, 334.38848876953125], [1796.6226806640625, -1706.271728515625, 336.010498046875], [1796.6219482421875, -1706.265380859375, 334.3907470703125], [1798.31396484375, -1706.7425537109375, 336.00799560546875], [1798.3133544921875, -1706.736328125, 334.38824462890625], [1798.2752685546875, -1706.1614990234375, 336.01025390625], [1798.2745361328125, -1706.1551513671875, 334.3905029296875]], 'semantic_tags': [19, 4], 'type_id': 'vehicle.diamondback.century', 'color': '214,0,0', 'base_type': 'bicycle', 'num_points': 16, 'distance': 17.39428165410059, 'speed': 2.0602372948697254, 'brake': 0.0, 'light_state': '3', 'road_id': 370, 'lane_id': -1, 'section_id': 1, 'world2vehicle': [[-0.9977828860282898, -0.06655291467905045, 0.00015020370483398438, 1679.859619140625], [0.0665518268942833, -0.9977753758430481, -0.0038911066949367523, -1821.0281982421875], [0.00040883402107283473, -0.0038724832702428102, 0.9999924302101135, -341.724365234375], [0.0, 0.0, 0.0, 1.0]], 'position': (17.386527823808365, 0.5112265176680921, 0.07287692530041134), 'yaw': -3.0645732359163746, 'color_rgb': None, 'color_name': None, 'lane_type': carla.libcarla.LaneType.Driving, 'lane_type_str': 'Driving', 'is_in_junction': False, 'junction_id': -1, 'distance_to_junction': None, 'next_junction_id': -1, 'next_road_ids': [370], 'next_next_road_ids': [12661], 'same_road_as_ego': True, 'same_direction_as_ego': True, 'lane_relative_to_ego': 0, 'steer': -0.09470227051136272, 'vehicle_cuts_in': False}]
[debug] into second branch, scenario_name = HazardAtSideLaneTwoWays
[debug] current frame is 65
[debug] hazardous_actors = [{'class': 'vehicle', 'state': 'dynamic', 'id': '23242', 'location': [1796.4407958984375, -1706.5609130859375, 334.38909912109375], 'rotation': [0.003121396293863654, -0.24267572164535522, -176.7421112060547], 'bbx_loc': [0.0, 7.629394360719743e-08, 0.8157447576522827], 'center': [1796.440673828125, -1706.5574951171875, 335.204833984375], 'extent': [0.8281218409538269, 0.2912190854549408, 0.8098834753036499], 'world_cord': [[1795.6302490234375, -1706.891845703125, 336.0159912109375], [1795.630615234375, -1706.898681640625, 334.396240234375], [1795.59716796875, -1706.310302734375, 336.0135192871094], [1795.597412109375, -1706.3172607421875, 334.3937683105469], [1797.2838134765625, -1706.7977294921875, 336.0158996582031], [1797.2841796875, -1706.8045654296875, 334.3961486816406], [1797.250732421875, -1706.2161865234375, 336.013427734375], [1797.2509765625, -1706.2230224609375, 334.3936767578125]], 'semantic_tags': [19, 4], 'type_id': 'vehicle.diamondback.century', 'color': '214,0,0', 'base_type': 'bicycle', 'num_points': 25, 'distance': 14.65755611824124, 'speed': 2.0568713287161584, 'brake': 0.0, 'light_state': '3', 'road_id': 370, 'lane_id': -1, 'section_id': 1, 'world2vehicle': [[-0.9983838796615601, -0.05683020129799843, 5.4478641686728224e-05, 1696.5350341796875], [0.05682992562651634, -0.9983749389648438, 0.004235477652400732, -1807.29541015625], [-0.00018631292914506048, 0.004231728613376617, 0.9999910593032837, -326.8297119140625], [0.0, 0.0, 0.0, 1.0]], 'position': (14.636489006619286, 0.7848383486373223, 0.021803001358165375), 'yaw': -3.082770881960995, 'color_rgb': None, 'color_name': None, 'lane_type': carla.libcarla.LaneType.Driving, 'lane_type_str': 'Driving', 'is_in_junction': False, 'junction_id': -1, 'distance_to_junction': None, 'next_junction_id': -1, 'next_road_ids': [370], 'next_next_road_ids': [12661], 'same_road_as_ego': True, 'same_direction_as_ego': True, 'lane_relative_to_ego': 0, 'steer': 0.08983542875224333, 'vehicle_cuts_in': False}]
[debug] in HazardAtSideLaneTwoWays, bicycles = [{'class': 'vehicle', 'state': 'dynamic', 'id': '23243', 'location': [1787.7930908203125, -1707.078369140625, 334.4552001953125], 'rotation': [0.26006627082824707, -0.004852293990552425, -176.42019653320312], 'bbx_loc': [0.0, 7.629394360719743e-08, 0.8082212805747986], 'center': [1787.7967529296875, -1707.078125, 335.263427734375], 'extent': [0.7546613812446594, 0.4329703152179718, 0.8061768412590027], 'world_cord': [[1787.07421875, -1707.5570068359375, 336.0730285644531], [1787.06689453125, -1707.5576171875, 334.460693359375], [1787.0201416015625, -1706.6927490234375, 336.0729675292969], [1787.012939453125, -1706.693359375, 334.46063232421875], [1788.58056640625, -1707.4627685546875, 336.0661926269531], [1788.5733642578125, -1707.46337890625, 334.453857421875], [1788.5264892578125, -1706.5985107421875, 336.0661315917969], [1788.519287109375, -1706.59912109375, 334.45379638671875]], 'semantic_tags': [19, 4], 'type_id': 'vehicle.bh.crossbike', 'color': '20,78,217', 'base_type': 'bicycle', 'num_points': 6, 'distance': 23.313187298218363, 'speed': 2.116865447414437, 'brake': 0.0, 'light_state': '3', 'road_id': 370, 'lane_id': -1, 'section_id': 1, 'world2vehicle': [[-0.9980384707450867, -0.06243812292814255, 0.004538997076451778, 1676.181396484375], [0.06243915110826492, -0.9980487823486328, 8.468763553537428e-05, -1815.404052734375], [0.004524852614849806, 0.000367932632798329, 0.9999896883964539, -341.91314697265625], [0.0, 0.0, 0.0, 1.0]], 'position': (23.29969059703012, 0.7925200792851683, 0.08357903778929199), 'yaw': -3.082770881960995, 'color_rgb': None, 'color_name': None, 'lane_type': carla.libcarla.LaneType.Driving, 'lane_type_str': 'Driving', 'is_in_junction': False, 'junction_id': -1, 'distance_to_junction': None, 'next_junction_id': -1, 'next_road_ids': [370], 'next_next_road_ids': [12661], 'same_road_as_ego': True, 'same_direction_as_ego': True, 'lane_relative_to_ego': 0, 'steer': -0.01214097480598056, 'vehicle_cuts_in': False}, {'class': 'vehicle', 'state': 'dynamic', 'id': '23242', 'location': [1796.4407958984375, -1706.5609130859375, 334.38909912109375], 'rotation': [0.003121396293863654, -0.24267572164535522, -176.7421112060547], 'bbx_loc': [0.0, 7.629394360719743e-08, 0.8157447576522827], 'center': [1796.440673828125, -1706.5574951171875, 335.204833984375], 'extent': [0.8281218409538269, 0.2912190854549408, 0.8098834753036499], 'world_cord': [[1795.6302490234375, -1706.891845703125, 336.0159912109375], [1795.630615234375, -1706.898681640625, 334.396240234375], [1795.59716796875, -1706.310302734375, 336.0135192871094], [1795.597412109375, -1706.3172607421875, 334.3937683105469], [1797.2838134765625, -1706.7977294921875, 336.0158996582031], [1797.2841796875, -1706.8045654296875, 334.3961486816406], [1797.250732421875, -1706.2161865234375, 336.013427734375], [1797.2509765625, -1706.2230224609375, 334.3936767578125]], 'semantic_tags': [19, 4], 'type_id': 'vehicle.diamondback.century', 'color': '214,0,0', 'base_type': 'bicycle', 'num_points': 25, 'distance': 14.65755611824124, 'speed': 2.0568713287161584, 'brake': 0.0, 'light_state': '3', 'road_id': 370, 'lane_id': -1, 'section_id': 1, 'world2vehicle': [[-0.9983838796615601, -0.05683020129799843, 5.4478641686728224e-05, 1696.5350341796875], [0.05682992562651634, -0.9983749389648438, 0.004235477652400732, -1807.29541015625], [-0.00018631292914506048, 0.004231728613376617, 0.9999910593032837, -326.8297119140625], [0.0, 0.0, 0.0, 1.0]], 'position': (14.636489006619286, 0.7848383486373223, 0.021803001358165375), 'yaw': -3.082770881960995, 'color_rgb': None, 'color_name': None, 'lane_type': carla.libcarla.LaneType.Driving, 'lane_type_str': 'Driving', 'is_in_junction': False, 'junction_id': -1, 'distance_to_junction': None, 'next_junction_id': -1, 'next_road_ids': [370], 'next_next_road_ids': [12661], 'same_road_as_ego': True, 'same_direction_as_ego': True, 'lane_relative_to_ego': 0, 'steer': 0.08983542875224333, 'vehicle_cuts_in': False}]
[debug] into second branch, scenario_name = HazardAtSideLaneTwoWays
[debug] current frame is 70
[debug] hazardous_actors = [{'class': 'vehicle', 'state': 'dynamic', 'id': '23242', 'location': [1795.414306640625, -1706.6268310546875, 334.39459228515625], 'rotation': [0.0024315472692251205, 0.24589520692825317, -176.21266174316406], 'bbx_loc': [0.0, 7.629394360719743e-08, 0.8157447576522827], 'center': [1795.41455078125, -1706.63037109375, 335.2103271484375], 'extent': [0.8281218409538269, 0.2912190854549408, 0.8098834753036499], 'world_cord': [[1794.6077880859375, -1706.9791259765625, 336.01898193359375], [1794.607177734375, -1706.97216796875, 334.39923095703125], [1794.5693359375, -1706.39794921875, 336.021484375], [1794.5687255859375, -1706.3909912109375, 334.4017333984375], [1796.2603759765625, -1706.86962890625, 336.0189208984375], [1796.2598876953125, -1706.86279296875, 334.399169921875], [1796.221923828125, -1706.2884521484375, 336.02142333984375], [1796.221435546875, -1706.2816162109375, 334.40167236328125]], 'semantic_tags': [19, 4], 'type_id': 'vehicle.diamondback.century', 'color': '214,0,0', 'base_type': 'bicycle', 'num_points': 33, 'distance': 11.635286013761299, 'speed': 2.057750895292801, 'brake': 0.0, 'light_state': '3', 'road_id': 370, 'lane_id': -1, 'section_id': 1, 'world2vehicle': [[-0.9978160858154297, -0.06605333834886551, 4.2438507080078125e-05, 1678.750732421875], [0.06605254858732224, -0.9978068470954895, -0.004291668068617582, -1820.04052734375], [0.00032582442509010434, -0.0042794919572770596, 0.9999907612800598, -342.2799987792969], [0.0, 0.0, 0.0, 1.0]], 'position': (11.579876063561187, 1.1338817201019538, 0.016785158176638504), 'yaw': -3.1043552699638695, 'color_rgb': None, 'color_name': None, 'lane_type': carla.libcarla.LaneType.Driving, 'lane_type_str': 'Driving', 'is_in_junction': False, 'junction_id': -1, 'distance_to_junction': None, 'next_junction_id': -1, 'next_road_ids': [370], 'next_next_road_ids': [12661], 'same_road_as_ego': True, 'same_direction_as_ego': True, 'lane_relative_to_ego': 0, 'steer': -0.09508304789809878, 'vehicle_cuts_in': False}]
