[debug] current frame is 0
[debug] hazardous_actors = []
[debug] current frame is 5
[debug] hazardous_actors = []
[debug] current frame is 10
[debug] hazardous_actors = []
[debug] current frame is 15
[debug] hazardous_actors = []
[debug] in HazardAtSideLaneTwoWays, bicycles = []
[debug] into second branch, scenario_name = HazardAtSideLaneTwoWays
[debug] current frame is 20
[debug] hazardous_actors = [{'class': 'vehicle', 'state': 'dynamic', 'id': '23280', 'location': [1837.61572265625, -1702.86279296875, 334.4290466308594], 'rotation': [-0.1398003101348877, -0.0025024409405887127, -175.36672973632812], 'bbx_loc': [6.107494118623435e-05, 0.001811878988519311, 0.7014871835708618], 'center': [1837.6141357421875, -1702.86474609375, 335.1305236816406], 'extent': [2.6787397861480713, 1.0166014432907104, 0.7053293585777283], 'world_cord': [[1835.0245361328125, -1704.094482421875, 335.8293762207031], [1835.0279541015625, -1704.09423828125, 334.418701171875], [1834.8602294921875, -1702.06787109375, 335.82928466796875], [1834.86376953125, -1702.0677490234375, 334.4186096191406], [1840.364501953125, -1703.6617431640625, 335.8424377441406], [1840.367919921875, -1703.6614990234375, 334.4317932128906], [1840.2001953125, -1701.6351318359375, 335.84234619140625], [1840.2037353515625, -1701.6348876953125, 334.43170166015625]], 'semantic_tags': [14], 'type_id': 'vehicle.chevrolet.impala', 'color': '0,12,49', 'base_type': 'car', 'num_points': 304, 'distance': 9.666185478896375, 'speed': 3.3490882482148185, 'brake': 0.0, 'light_state': '3', 'road_id': 370, 'lane_id': -1, 'section_id': 1, 'world2vehicle': [[-0.9967291355133057, -0.08077742904424667, -0.002439973410218954, 1694.8682861328125], [0.08077756315469742, -0.9967321157455444, 4.367570363683626e-05, -1845.750732421875], [-0.0024355279747396708, -0.000153562257764861, 0.9999970197677612, -330.2139587402344], [0.0, 0.0, 0.0, 1.0]], 'position': (9.666199527437357, -0.026530802280149146, -0.04375064108147697), 'yaw': -3.0645665780136495, 'color_rgb': None, 'color_name': None, 'lane_type': carla.libcarla.LaneType.Driving, 'lane_type_str': 'Driving', 'is_in_junction': False, 'junction_id': -1, 'distance_to_junction': None, 'next_junction_id': -1, 'next_road_ids': [370], 'next_next_road_ids': [12661], 'same_road_as_ego': True, 'same_direction_as_ego': True, 'lane_relative_to_ego': 0, 'steer': -0.003901486725999981, 'vehicle_cuts_in': False}]
[debug] in HazardAtSideLaneTwoWays, bicycles = []
[debug] into second branch, scenario_name = HazardAtSideLaneTwoWays
[debug] current frame is 25
[debug] hazardous_actors = []
[debug] current frame is 30
[debug] hazardous_actors = []
[debug] current frame is 35
[debug] hazardous_actors = []
[debug] in HazardAtSideLaneTwoWays, bicycles = []
[debug] into second branch, scenario_name = HazardAtSideLaneTwoWays
[debug] current frame is 40
[debug] hazardous_actors = []
[debug] in HazardAtSideLaneTwoWays, bicycles = []
[debug] into second branch, scenario_name = HazardAtSideLaneTwoWays
[debug] current frame is 45
[debug] hazardous_actors = []
[debug] in HazardAtSideLaneTwoWays, bicycles = []
[debug] into second branch, scenario_name = HazardAtSideLaneTwoWays
[debug] current frame is 50
[debug] hazardous_actors = []
[debug] current frame is 55
[debug] hazardous_actors = []
[debug] in HazardAtSideLaneTwoWays, bicycles = []
[debug] into second branch, scenario_name = HazardAtSideLaneTwoWays
[debug] current frame is 60
[debug] hazardous_actors = []
[debug] in HazardAtSideLaneTwoWays, bicycles = [{'class': 'vehicle', 'state': 'dynamic', 'id': '23242', 'location': [1797.4676513671875, -1706.5008544921875, 334.3836364746094], 'rotation': [0.008606038056313992, 0.22294455766677856, -176.18397521972656], 'bbx_loc': [0.0, 7.629394360719743e-08, 0.8157447576522827], 'center': [1797.468017578125, -1706.5040283203125, 335.1993713378906], 'extent': [0.8281218409538269, 0.2912190854549408, 0.8098834753036499], 'world_cord': [[1796.661376953125, -1706.852783203125, 336.00823974609375], [1796.6607666015625, -1706.8465576171875, 334.38848876953125], [1796.6226806640625, -1706.271728515625, 336.010498046875], [1796.6219482421875, -1706.265380859375, 334.3907470703125], [1798.31396484375, -1706.7425537109375, 336.00799560546875], [1798.3133544921875, -1706.736328125, 334.38824462890625], [1798.2752685546875, -1706.1614990234375, 336.01025390625], [1798.2745361328125, -1706.1551513671875, 334.3905029296875]], 'semantic_tags': [19, 4], 'type_id': 'vehicle.diamondback.century', 'color': '214,0,0', 'base_type': 'bicycle', 'num_points': 16, 'distance': 17.39428165410059, 'speed': 2.0602372948697254, 'brake': 0.0, 'light_state': '3', 'road_id': 370, 'lane_id': -1, 'section_id': 1, 'world2vehicle': [[-0.9977828860282898, -0.06655291467905045, 0.00015020370483398438, 1679.859619140625], [0.0665518268942833, -0.9977753758430481, -0.0038911066949367523, -1821.0281982421875], [0.00040883402107283473, -0.0038724832702428102, 0.9999924302101135, -341.724365234375], [0.0, 0.0, 0.0, 1.0]], 'position': (17.386527823808365, 0.5112265176680921, 0.07287692530041134), 'yaw': -3.0645732359163746, 'color_rgb': None, 'color_name': None, 'lane_type': carla.libcarla.LaneType.Driving, 'lane_type_str': 'Driving', 'is_in_junction': False, 'junction_id': -1, 'distance_to_junction': None, 'next_junction_id': -1, 'next_road_ids': [370], 'next_next_road_ids': [12661], 'same_road_as_ego': True, 'same_direction_as_ego': True, 'lane_relative_to_ego': 0, 'steer': -0.09470227051136272, 'vehicle_cuts_in': False}]
[debug] into second branch, scenario_name = HazardAtSideLaneTwoWays
[debug] current frame is 65
[debug] hazardous_actors = [{'class': 'vehicle', 'state': 'dynamic', 'id': '23242', 'location': [1796.4407958984375, -1706.5609130859375, 334.38909912109375], 'rotation': [0.003121396293863654, -0.24267572164535522, -176.7421112060547], 'bbx_loc': [0.0, 7.629394360719743e-08, 0.8157447576522827], 'center': [1796.440673828125, -1706.5574951171875, 335.204833984375], 'extent': [0.8281218409538269, 0.2912190854549408, 0.8098834753036499], 'world_cord': [[1795.6302490234375, -1706.891845703125, 336.0159912109375], [1795.630615234375, -1706.898681640625, 334.396240234375], [1795.59716796875, -1706.310302734375, 336.0135192871094], [1795.597412109375, -1706.3172607421875, 334.3937683105469], [1797.2838134765625, -1706.7977294921875, 336.0158996582031], [1797.2841796875, -1706.8045654296875, 334.3961486816406], [1797.250732421875, -1706.2161865234375, 336.013427734375], [1797.2509765625, -1706.2230224609375, 334.3936767578125]], 'semantic_tags': [19, 4], 'type_id': 'vehicle.diamondback.century', 'color': '214,0,0', 'base_type': 'bicycle', 'num_points': 25, 'distance': 14.65755611824124, 'speed': 2.0568713287161584, 'brake': 0.0, 'light_state': '3', 'road_id': 370, 'lane_id': -1, 'section_id': 1, 'world2vehicle': [[-0.9983838796615601, -0.05683020129799843, 5.4478641686728224e-05, 1696.5350341796875], [0.05682992562651634, -0.9983749389648438, 0.004235477652400732, -1807.29541015625], [-0.00018631292914506048, 0.004231728613376617, 0.9999910593032837, -326.8297119140625], [0.0, 0.0, 0.0, 1.0]], 'position': (14.636489006619286, 0.7848383486373223, 0.021803001358165375), 'yaw': -3.082770881960995, 'color_rgb': None, 'color_name': None, 'lane_type': carla.libcarla.LaneType.Driving, 'lane_type_str': 'Driving', 'is_in_junction': False, 'junction_id': -1, 'distance_to_junction': None, 'next_junction_id': -1, 'next_road_ids': [370], 'next_next_road_ids': [12661], 'same_road_as_ego': True, 'same_direction_as_ego': True, 'lane_relative_to_ego': 0, 'steer': 0.08983542875224333, 'vehicle_cuts_in': False}]
[debug] in HazardAtSideLaneTwoWays, bicycles = [{'class': 'vehicle', 'state': 'dynamic', 'id': '23242', 'location': [1796.4407958984375, -1706.5609130859375, 334.38909912109375], 'rotation': [0.003121396293863654, -0.24267572164535522, -176.7421112060547], 'bbx_loc': [0.0, 7.629394360719743e-08, 0.8157447576522827], 'center': [1796.440673828125, -1706.5574951171875, 335.204833984375], 'extent': [0.8281218409538269, 0.2912190854549408, 0.8098834753036499], 'world_cord': [[1795.6302490234375, -1706.891845703125, 336.0159912109375], [1795.630615234375, -1706.898681640625, 334.396240234375], [1795.59716796875, -1706.310302734375, 336.0135192871094], [1795.597412109375, -1706.3172607421875, 334.3937683105469], [1797.2838134765625, -1706.7977294921875, 336.0158996582031], [1797.2841796875, -1706.8045654296875, 334.3961486816406], [1797.250732421875, -1706.2161865234375, 336.013427734375], [1797.2509765625, -1706.2230224609375, 334.3936767578125]], 'semantic_tags': [19, 4], 'type_id': 'vehicle.diamondback.century', 'color': '214,0,0', 'base_type': 'bicycle', 'num_points': 25, 'distance': 14.65755611824124, 'speed': 2.0568713287161584, 'brake': 0.0, 'light_state': '3', 'road_id': 370, 'lane_id': -1, 'section_id': 1, 'world2vehicle': [[-0.9983838796615601, -0.05683020129799843, 5.4478641686728224e-05, 1696.5350341796875], [0.05682992562651634, -0.9983749389648438, 0.004235477652400732, -1807.29541015625], [-0.00018631292914506048, 0.004231728613376617, 0.9999910593032837, -326.8297119140625], [0.0, 0.0, 0.0, 1.0]], 'position': (14.636489006619286, 0.7848383486373223, 0.021803001358165375), 'yaw': -3.082770881960995, 'color_rgb': None, 'color_name': None, 'lane_type': carla.libcarla.LaneType.Driving, 'lane_type_str': 'Driving', 'is_in_junction': False, 'junction_id': -1, 'distance_to_junction': None, 'next_junction_id': -1, 'next_road_ids': [370], 'next_next_road_ids': [12661], 'same_road_as_ego': True, 'same_direction_as_ego': True, 'lane_relative_to_ego': 0, 'steer': 0.08983542875224333, 'vehicle_cuts_in': False}]
[debug] into second branch, scenario_name = HazardAtSideLaneTwoWays
[debug] current frame is 70
[debug] hazardous_actors = [{'class': 'vehicle', 'state': 'dynamic', 'id': '23242', 'location': [1795.414306640625, -1706.6268310546875, 334.39459228515625], 'rotation': [0.0024315472692251205, 0.24589520692825317, -176.21266174316406], 'bbx_loc': [0.0, 7.629394360719743e-08, 0.8157447576522827], 'center': [1795.41455078125, -1706.63037109375, 335.2103271484375], 'extent': [0.8281218409538269, 0.2912190854549408, 0.8098834753036499], 'world_cord': [[1794.6077880859375, -1706.9791259765625, 336.01898193359375], [1794.607177734375, -1706.97216796875, 334.39923095703125], [1794.5693359375, -1706.39794921875, 336.021484375], [1794.5687255859375, -1706.3909912109375, 334.4017333984375], [1796.2603759765625, -1706.86962890625, 336.0189208984375], [1796.2598876953125, -1706.86279296875, 334.399169921875], [1796.221923828125, -1706.2884521484375, 336.02142333984375], [1796.221435546875, -1706.2816162109375, 334.40167236328125]], 'semantic_tags': [19, 4], 'type_id': 'vehicle.diamondback.century', 'color': '214,0,0', 'base_type': 'bicycle', 'num_points': 33, 'distance': 11.635286013761299, 'speed': 2.057750895292801, 'brake': 0.0, 'light_state': '3', 'road_id': 370, 'lane_id': -1, 'section_id': 1, 'world2vehicle': [[-0.9978160858154297, -0.06605333834886551, 4.2438507080078125e-05, 1678.750732421875], [0.06605254858732224, -0.9978068470954895, -0.004291668068617582, -1820.04052734375], [0.00032582442509010434, -0.0042794919572770596, 0.9999907612800598, -342.2799987792969], [0.0, 0.0, 0.0, 1.0]], 'position': (11.579876063561187, 1.1338817201019538, 0.016785158176638504), 'yaw': -3.1043552699638695, 'color_rgb': None, 'color_name': None, 'lane_type': carla.libcarla.LaneType.Driving, 'lane_type_str': 'Driving', 'is_in_junction': False, 'junction_id': -1, 'distance_to_junction': None, 'next_junction_id': -1, 'next_road_ids': [370], 'next_next_road_ids': [12661], 'same_road_as_ego': True, 'same_direction_as_ego': True, 'lane_relative_to_ego': 0, 'steer': -0.09508304789809878, 'vehicle_cuts_in': False}]
[debug] in HazardAtSideLaneTwoWays, bicycles = [{'class': 'vehicle', 'state': 'dynamic', 'id': '23242', 'location': [1795.414306640625, -1706.6268310546875, 334.39459228515625], 'rotation': [0.0024315472692251205, 0.24589520692825317, -176.21266174316406], 'bbx_loc': [0.0, 7.629394360719743e-08, 0.8157447576522827], 'center': [1795.41455078125, -1706.63037109375, 335.2103271484375], 'extent': [0.8281218409538269, 0.2912190854549408, 0.8098834753036499], 'world_cord': [[1794.6077880859375, -1706.9791259765625, 336.01898193359375], [1794.607177734375, -1706.97216796875, 334.39923095703125], [1794.5693359375, -1706.39794921875, 336.021484375], [1794.5687255859375, -1706.3909912109375, 334.4017333984375], [1796.2603759765625, -1706.86962890625, 336.0189208984375], [1796.2598876953125, -1706.86279296875, 334.399169921875], [1796.221923828125, -1706.2884521484375, 336.02142333984375], [1796.221435546875, -1706.2816162109375, 334.40167236328125]], 'semantic_tags': [19, 4], 'type_id': 'vehicle.diamondback.century', 'color': '214,0,0', 'base_type': 'bicycle', 'num_points': 33, 'distance': 11.635286013761299, 'speed': 2.057750895292801, 'brake': 0.0, 'light_state': '3', 'road_id': 370, 'lane_id': -1, 'section_id': 1, 'world2vehicle': [[-0.9978160858154297, -0.06605333834886551, 4.2438507080078125e-05, 1678.750732421875], [0.06605254858732224, -0.9978068470954895, -0.004291668068617582, -1820.04052734375], [0.00032582442509010434, -0.0042794919572770596, 0.9999907612800598, -342.2799987792969], [0.0, 0.0, 0.0, 1.0]], 'position': (11.579876063561187, 1.1338817201019538, 0.016785158176638504), 'yaw': -3.1043552699638695, 'color_rgb': None, 'color_name': None, 'lane_type': carla.libcarla.LaneType.Driving, 'lane_type_str': 'Driving', 'is_in_junction': False, 'junction_id': -1, 'distance_to_junction': None, 'next_junction_id': -1, 'next_road_ids': [370], 'next_next_road_ids': [12661], 'same_road_as_ego': True, 'same_direction_as_ego': True, 'lane_relative_to_ego': 0, 'steer': -0.09508304789809878, 'vehicle_cuts_in': False}]
[debug] into second branch, scenario_name = HazardAtSideLaneTwoWays
[debug] current frame is 75
[debug] hazardous_actors = []
[debug] in HazardAtSideLaneTwoWays, bicycles = [{'class': 'vehicle', 'state': 'dynamic', 'id': '23243', 'location': [1785.703857421875, -1707.192138671875, 334.4664001464844], 'rotation': [0.29625260829925537, 0.024161318317055702, -176.35267639160156], 'bbx_loc': [0.0, 7.629394360719743e-08, 0.8082212805747986], 'center': [1785.7080078125, -1707.1922607421875, 335.27459716796875], 'extent': [0.7546613812446594, 0.4329703152179718, 0.8061768412590027], 'world_cord': [[1784.9866943359375, -1707.67236328125, 336.0845031738281], [1784.978271484375, -1707.6722412109375, 334.47216796875], [1784.9315185546875, -1706.8082275390625, 336.0848693847656], [1784.9232177734375, -1706.80810546875, 334.4725341796875], [1786.492919921875, -1707.576416015625, 336.0766906738281], [1786.4844970703125, -1707.576171875, 334.46435546875], [1786.4378662109375, -1706.712158203125, 336.0770568847656], [1786.429443359375, -1706.7120361328125, 334.4647216796875]], 'semantic_tags': [19, 4], 'type_id': 'vehicle.bh.crossbike', 'color': '20,78,217', 'base_type': 'bicycle', 'num_points': 18, 'distance': 17.799935557903076, 'speed': 2.093707007776592, 'brake': 0.0, 'light_state': '3', 'road_id': 370, 'lane_id': -1, 'section_id': 1, 'world2vehicle': [[-0.997961163520813, -0.06361407786607742, 0.0051705604419112206, 1671.7322998046875], [0.06361274421215057, -0.9979745745658875, -0.00042168895015493035, -1817.1868896484375], [0.005186913534998894, -9.191563003696501e-05, 0.9999865889549255, -343.8811340332031], [0.0, 0.0, 0.0, 1.0]], 'position': (17.756222384912462, 1.1798771578778542, 0.41228105549032534), 'yaw': -3.0961849580556153, 'color_rgb': None, 'color_name': None, 'lane_type': carla.libcarla.LaneType.Driving, 'lane_type_str': 'Driving', 'is_in_junction': False, 'junction_id': -1, 'distance_to_junction': None, 'next_junction_id': -1, 'next_road_ids': [370], 'next_next_road_ids': [12661], 'same_road_as_ego': True, 'same_direction_as_ego': True, 'lane_relative_to_ego': 0, 'steer': -0.05096931435727334, 'vehicle_cuts_in': False}, {'class': 'vehicle', 'state': 'dynamic', 'id': '23242', 'location': [1794.3878173828125, -1706.6864013671875, 334.4000244140625], 'rotation': [0.0017826792318373919, -0.2416381537914276, -176.7728271484375], 'bbx_loc': [0.0, 7.629394360719743e-08, 0.8157447576522827], 'center': [1794.3876953125, -1706.6829833984375, 335.21575927734375], 'extent': [0.8281218409538269, 0.2912190854549408, 0.8098834753036499], 'world_cord': [[1793.5770263671875, -1707.0169677734375, 336.0268859863281], [1793.577392578125, -1707.0238037109375, 334.4071350097656], [1793.5443115234375, -1706.4354248046875, 336.0244445800781], [1793.5445556640625, -1706.4422607421875, 334.4046936035156], [1795.230712890625, -1706.9237060546875, 336.02685546875], [1795.2310791015625, -1706.9305419921875, 334.4070739746094], [1795.1978759765625, -1706.3421630859375, 336.0243835449219], [1795.1982421875, -1706.3489990234375, 334.4046325683594]], 'semantic_tags': [19, 4], 'type_id': 'vehicle.diamondback.century', 'color': '214,0,0', 'base_type': 'bicycle', 'num_points': 58, 'distance': 9.125614685264125, 'speed': 2.057324579435624, 'brake': 0.0, 'light_state': '3', 'road_id': 370, 'lane_id': -1, 'section_id': 1, 'world2vehicle': [[-0.998414158821106, -0.05629509314894676, 3.11136209347751e-05, 1695.4537353515625], [0.056294724345207214, -0.9984052777290344, 0.004217368550598621, -1806.3895263671875], [-0.0002063531574094668, 0.004212431609630585, 0.9999911189079285, -326.8374938964844], [0.0, 0.0, 0.0, 1.0]], 'position': (9.06093648410365, 1.0686276833889679, 0.18652901912122388), 'yaw': -3.0961849580556153, 'color_rgb': None, 'color_name': None, 'lane_type': carla.libcarla.LaneType.Driving, 'lane_type_str': 'Driving', 'is_in_junction': False, 'junction_id': -1, 'distance_to_junction': None, 'next_junction_id': -1, 'next_road_ids': [370], 'next_next_road_ids': [12661], 'same_road_as_ego': True, 'same_direction_as_ego': True, 'lane_relative_to_ego': 0, 'steer': 0.09144107325534509, 'vehicle_cuts_in': False}]
[debug] into second branch, scenario_name = HazardAtSideLaneTwoWays
[debug] current frame is 80
[debug] hazardous_actors = []
[debug] in HazardAtSideLaneTwoWays, bicycles = [{'class': 'vehicle', 'state': 'dynamic', 'id': '23243', 'location': [1784.6737060546875, -1707.248046875, 334.47186279296875], 'rotation': [0.2796962261199951, -0.0747985765337944, -176.65396118164062], 'bbx_loc': [0.0, 7.629394360719743e-08, 0.8082212805747986], 'center': [1784.6776123046875, -1707.2467041015625, 335.2800598144531], 'extent': [0.7546613812446594, 0.4329703152179718, 0.8061768412590027], 'world_cord': [[1783.953369140625, -1707.7218017578125, 336.0904846191406], [1783.9456787109375, -1707.724365234375, 334.4781494140625], [1783.90283203125, -1706.8572998046875, 336.08935546875], [1783.89501953125, -1706.85986328125, 334.4770202636719], [1785.4600830078125, -1707.6336669921875, 336.0831298828125], [1785.452392578125, -1707.63623046875, 334.4707946777344], [1785.4095458984375, -1706.7691650390625, 336.0820007324219], [1785.40185546875, -1706.771728515625, 334.46966552734375]], 'semantic_tags': [19, 4], 'type_id': 'vehicle.bh.crossbike', 'color': '20,78,217', 'base_type': 'bicycle', 'num_points': 17, 'distance': 18.65845929495761, 'speed': 2.090056971721383, 'brake': 0.0, 'light_state': '3', 'road_id': 370, 'lane_id': -1, 'section_id': 1, 'world2vehicle': [[-0.998283326625824, -0.058365464210510254, 0.004881600383669138, 1680.3328857421875], [0.05837247520685196, -0.9982940554618835, 0.0013054654700681567, -1808.947998046875], [0.0047970786690711975, 0.0015881755389273167, 0.9999872446060181, -340.3174133300781], [0.0, 0.0, 0.0, 1.0]], 'position': (18.620326352572192, 1.1681509414186166, 0.24817541305100121), 'yaw': -3.0950536472245496, 'color_rgb': None, 'color_name': None, 'lane_type': carla.libcarla.LaneType.Driving, 'lane_type_str': 'Driving', 'is_in_junction': False, 'junction_id': -1, 'distance_to_junction': None, 'next_junction_id': -1, 'next_road_ids': [370], 'next_next_road_ids': [12661], 'same_road_as_ego': True, 'same_direction_as_ego': True, 'lane_relative_to_ego': 0, 'steer': 0.08514800396438325, 'vehicle_cuts_in': False}, {'class': 'vehicle', 'state': 'dynamic', 'id': '23242', 'location': [1793.361572265625, -1706.751953125, 334.4055480957031], 'rotation': [0.0023700755555182695, 0.24748946726322174, -176.2340545654297], 'bbx_loc': [0.0, 7.629394360719743e-08, 0.8157447576522827], 'center': [1793.36181640625, -1706.7554931640625, 335.2212829589844], 'extent': [0.8281218409538269, 0.2912190854549408, 0.8098834753036499], 'world_cord': [[1792.554931640625, -1707.1038818359375, 336.0299377441406], [1792.5543212890625, -1707.096923828125, 334.4101867675781], [1792.5166015625, -1706.522705078125, 336.0324401855469], [1792.51611328125, -1706.5157470703125, 334.4126892089844], [1794.20751953125, -1706.9951171875, 336.0298767089844], [1794.20703125, -1706.9881591796875, 334.4101257324219], [1794.1693115234375, -1706.4139404296875, 336.0323791503906], [1794.1688232421875, -1706.406982421875, 334.4126281738281]], 'semantic_tags': [19, 4], 'type_id': 'vehicle.diamondback.century', 'color': '214,0,0', 'base_type': 'bicycle', 'num_points': 38, 'distance': 9.978577676917253, 'speed': 2.0576269880281584, 'brake': 0.0, 'light_state': '3', 'road_id': 370, 'lane_id': -1, 'section_id': 1, 'world2vehicle': [[-0.9978407025337219, -0.06568078696727753, 4.136561983614229e-05, 1677.37451171875], [0.06567999720573425, -0.9978313446044922, -0.004319492727518082, -1819.39404296875], [0.0003249836154282093, -0.004307448398321867, 0.9999906420707703, -342.33697509765625], [0.0, 0.0, 0.0, 1.0]], 'position': (9.91963253444078, 1.076765223303255, 0.1099286566713431), 'yaw': -3.0950536472245496, 'color_rgb': None, 'color_name': None, 'lane_type': carla.libcarla.LaneType.Driving, 'lane_type_str': 'Driving', 'is_in_junction': False, 'junction_id': -1, 'distance_to_junction': None, 'next_junction_id': -1, 'next_road_ids': [370], 'next_next_road_ids': [12661], 'same_road_as_ego': True, 'same_direction_as_ego': True, 'lane_relative_to_ego': 0, 'steer': -0.09398434534270299, 'vehicle_cuts_in': False}]
[debug] into second branch, scenario_name = HazardAtSideLaneTwoWays
[debug] current frame is 85
[debug] hazardous_actors = []
[debug] current frame is 90
[debug] hazardous_actors = []
[debug] current frame is 95
[debug] hazardous_actors = []
[debug] current frame is 100
[debug] hazardous_actors = []
[debug] in HazardAtSideLaneTwoWays, bicycles = [{'class': 'vehicle', 'state': 'dynamic', 'id': '23243', 'location': [1780.53564453125, -1707.47998046875, 334.493896484375], 'rotation': [0.2770324647426605, -0.0379638746380806, -176.43792724609375], 'bbx_loc': [0.0, 7.629394360719743e-08, 0.8082212805747986], 'center': [1780.53955078125, -1707.479248046875, 335.3020935058594], 'extent': [0.7546613812446594, 0.4329703152179718, 0.8061768412590027], 'world_cord': [[1779.8170166015625, -1707.9573974609375, 336.1122131347656], [1779.809326171875, -1707.958984375, 334.4998779296875], [1779.7633056640625, -1707.0931396484375, 336.11163330078125], [1779.755615234375, -1707.0947265625, 334.4992980957031], [1781.323486328125, -1707.8636474609375, 336.10491943359375], [1781.3157958984375, -1707.865234375, 334.4925842285156], [1781.2696533203125, -1706.9993896484375, 336.1043395996094], [1781.261962890625, -1707.0009765625, 334.49200439453125]], 'semantic_tags': [19, 4], 'type_id': 'vehicle.bh.crossbike', 'color': '20,78,217', 'base_type': 'bicycle', 'num_points': 15, 'distance': 19.620696389398915, 'speed': 2.099226261039799, 'brake': 0.0, 'light_state': '3', 'road_id': 370, 'lane_id': -1, 'section_id': 1, 'world2vehicle': [[-0.9980564117431641, -0.062129173427820206, 0.004835110157728195, 1669.3734130859375], [0.06213308125734329, -0.9980676770210266, 0.0006625868263654411, -1815.0323486328125], [0.004784601274877787, 0.0009617193718440831, 0.9999880790710449, -341.366943359375], [0.0, 0.0, 0.0, 1.0]], 'position': (19.59619070910412, 0.9886749764245906, -0.0010082900179497756), 'yaw': -3.085561075835071, 'color_rgb': None, 'color_name': None, 'lane_type': carla.libcarla.LaneType.Driving, 'lane_type_str': 'Driving', 'is_in_junction': False, 'junction_id': -1, 'distance_to_junction': None, 'next_junction_id': -1, 'next_road_ids': [370], 'next_next_road_ids': [12661], 'same_road_as_ego': True, 'same_direction_as_ego': True, 'lane_relative_to_ego': 0, 'steer': 0.04907632332665494, 'vehicle_cuts_in': False}, {'class': 'vehicle', 'state': 'dynamic', 'id': '23242', 'location': [1789.254638671875, -1707.0010986328125, 334.42742919921875], 'rotation': [0.002513509476557374, 0.24777208268642426, -176.29808044433594], 'bbx_loc': [0.0, 7.629394360719743e-08, 0.8157447576522827], 'center': [1789.2548828125, -1707.004638671875, 335.2431640625], 'extent': [0.8281218409538269, 0.2912190854549408, 0.8098834753036499], 'world_cord': [[1788.4476318359375, -1707.3521728515625, 336.05181884765625], [1788.447021484375, -1707.34521484375, 334.43206787109375], [1788.409912109375, -1706.77099609375, 336.0543518066406], [1788.409423828125, -1706.7640380859375, 334.4346008300781], [1790.100341796875, -1707.2452392578125, 336.0517578125], [1790.099853515625, -1707.23828125, 334.4320068359375], [1790.062744140625, -1706.6640625, 336.05426025390625], [1790.062255859375, -1706.6571044921875, 334.43450927734375]], 'semantic_tags': [19, 4], 'type_id': 'vehicle.diamondback.century', 'color': '214,0,0', 'base_type': 'bicycle', 'num_points': 34, 'distance': 10.90946509524306, 'speed': 2.057525278676044, 'brake': 0.0, 'light_state': '3', 'road_id': 370, 'lane_id': -1, 'section_id': 1, 'world2vehicle': [[-0.9979134798049927, -0.06456568837165833, 4.386901491670869e-05, 1675.29296875], [0.06456489861011505, -0.9979041218757629, -0.004324425011873245, -1817.5003662109375], [0.00032298656878992915, -0.00431256927549839, 0.9999906420707703, -342.3637390136719], [0.0, 0.0, 0.0, 1.0]], 'position': (10.863826239665286, 0.9988296486765194, -0.018611852534682782), 'yaw': -3.085561075835071, 'color_rgb': None, 'color_name': None, 'lane_type': carla.libcarla.LaneType.Driving, 'lane_type_str': 'Driving', 'is_in_junction': False, 'junction_id': -1, 'distance_to_junction': None, 'next_junction_id': -1, 'next_road_ids': [370], 'next_next_road_ids': [12661], 'same_road_as_ego': True, 'same_direction_as_ego': True, 'lane_relative_to_ego': 0, 'steer': -0.09594871392754836, 'vehicle_cuts_in': False}]
[debug] into second branch, scenario_name = HazardAtSideLaneTwoWays
[debug] current frame is 105
[debug] hazardous_actors = []
[debug] current frame is 110
[debug] hazardous_actors = []
[debug] current frame is 115
[debug] hazardous_actors = []
[debug] current frame is 120
[debug] hazardous_actors = []
[debug] in HazardAtSideLaneTwoWays, bicycles = [{'class': 'vehicle', 'state': 'dynamic', 'id': '23242', 'location': [1785.1478271484375, -1707.2454833984375, 334.4493408203125], 'rotation': [0.001611924497410655, 0.24726681411266327, -176.3477783203125], 'bbx_loc': [0.0, 7.629394360719743e-08, 0.8157447576522827], 'center': [1785.1480712890625, -1707.2490234375, 335.26507568359375], 'extent': [0.8281218409538269, 0.2912190854549408, 0.8098834753036499], 'world_cord': [[1784.3404541015625, -1707.5958251953125, 336.07373046875], [1784.3399658203125, -1707.5888671875, 334.4539794921875], [1784.3033447265625, -1707.0146484375, 336.07623291015625], [1784.3028564453125, -1707.0076904296875, 334.45648193359375], [1785.9932861328125, -1707.4903564453125, 336.07366943359375], [1785.9927978515625, -1707.4833984375, 334.45391845703125], [1785.9561767578125, -1706.9090576171875, 336.0762023925781], [1785.9556884765625, -1706.902099609375, 334.4564208984375]], 'semantic_tags': [19, 4], 'type_id': 'vehicle.diamondback.century', 'color': '214,0,0', 'base_type': 'bicycle', 'num_points': 38, 'distance': 11.259139335531296, 'speed': 2.057461813161201, 'brake': 0.0, 'light_state': '3', 'road_id': 370, 'lane_id': -1, 'section_id': 1, 'world2vehicle': [[-0.9979690909385681, -0.0637001097202301, 2.8133388696005568e-05, 1672.76123046875], [0.0636994019150734, -0.9979597926139832, -0.004315606318414211, -1816.0318603515625], [0.0003029805957339704, -0.004305049777030945, 0.999990701675415, -342.3368835449219], [0.0, 0.0, 0.0, 1.0]], 'position': (11.214547127088963, 0.9973864691269227, -0.09395548741882465), 'yaw': -3.0844745061103187, 'color_rgb': None, 'color_name': None, 'lane_type': carla.libcarla.LaneType.Driving, 'lane_type_str': 'Driving', 'is_in_junction': False, 'junction_id': -1, 'distance_to_junction': None, 'next_junction_id': -1, 'next_road_ids': [370], 'next_next_road_ids': [12661], 'same_road_as_ego': True, 'same_direction_as_ego': True, 'lane_relative_to_ego': 0, 'steer': -0.09605060955337698, 'vehicle_cuts_in': False}]
[debug] into second branch, scenario_name = HazardAtSideLaneTwoWays
[debug] current frame is 125
[debug] hazardous_actors = []
[debug] current frame is 130
[debug] hazardous_actors = []
[debug] current frame is 135
[debug] hazardous_actors = []
[debug] current frame is 140
[debug] hazardous_actors = []
[debug] in HazardAtSideLaneTwoWays, bicycles = [{'class': 'vehicle', 'state': 'dynamic', 'id': '23242', 'location': [1781.0408935546875, -1707.484375, 334.47119140625], 'rotation': [0.0025544906966388226, 0.24725224077701569, -176.3951873779297], 'bbx_loc': [0.0, 7.629394360719743e-08, 0.8157447576522827], 'center': [1781.0411376953125, -1707.4879150390625, 335.28692626953125], 'extent': [0.8281218409538269, 0.2912190854549408, 0.8098834753036499], 'world_cord': [[1780.2332763671875, -1707.8341064453125, 336.0955810546875], [1780.232666015625, -1707.8271484375, 334.475830078125], [1780.1966552734375, -1707.2528076171875, 336.09808349609375], [1780.196044921875, -1707.245849609375, 334.47833251953125], [1781.88623046875, -1707.72998046875, 336.09552001953125], [1781.8857421875, -1707.7230224609375, 334.47576904296875], [1781.849609375, -1707.148681640625, 336.0980224609375], [1781.84912109375, -1707.1417236328125, 334.478271484375]], 'semantic_tags': [19, 4], 'type_id': 'vehicle.diamondback.century', 'color': '214,0,0', 'base_type': 'bicycle', 'num_points': 35, 'distance': 10.999807665644367, 'speed': 2.0576977140553416, 'brake': 0.0, 'light_state': '3', 'road_id': 370, 'lane_id': -1, 'section_id': 1, 'world2vehicle': [[-0.9980214238166809, -0.0628744512796402, 4.458427429199219e-05, 1670.1448974609375], [0.06287367641925812, -0.998012125492096, -0.004315352067351341, -1814.6273193359375], [0.00031582106021232903, -0.004304010421037674, 0.999990701675415, -342.3796081542969], [0.0, 0.0, 0.0, 1.0]], 'position': (10.96612342166327, 0.8571406014270906, -0.09884034518324825), 'yaw': -3.07339282649839, 'color_rgb': None, 'color_name': None, 'lane_type': carla.libcarla.LaneType.Driving, 'lane_type_str': 'Driving', 'is_in_junction': False, 'junction_id': -1, 'distance_to_junction': None, 'next_junction_id': -1, 'next_road_ids': [370], 'next_next_road_ids': [12661], 'same_road_as_ego': True, 'same_direction_as_ego': True, 'lane_relative_to_ego': 0, 'steer': -0.09558065270369481, 'vehicle_cuts_in': False}]
[debug] into second branch, scenario_name = HazardAtSideLaneTwoWays
[debug] current frame is 145
[debug] hazardous_actors = []
[debug] in HazardAtSideLaneTwoWays, bicycles = [{'class': 'vehicle', 'state': 'dynamic', 'id': '23242', 'location': [1780.013671875, -1707.540283203125, 334.4766845703125], 'rotation': [0.002206150908023119, -0.2467041015625, -176.9585723876953], 'bbx_loc': [0.0, 7.629394360719743e-08, 0.8157447576522827], 'center': [1780.0135498046875, -1707.5367431640625, 335.29241943359375], 'extent': [0.8281218409538269, 0.2912190854549408, 0.8098834753036499], 'world_cord': [[1779.201904296875, -1707.8680419921875, 336.10357666015625], [1779.2021484375, -1707.875, 334.48382568359375], [1779.1708984375, -1707.286376953125, 336.10107421875], [1779.1712646484375, -1707.2933349609375, 334.4813232421875], [1780.855712890625, -1707.7801513671875, 336.103515625], [1780.8560791015625, -1707.787109375, 334.4837646484375], [1780.8248291015625, -1707.198486328125, 336.10101318359375], [1780.8251953125, -1707.20556640625, 334.48126220703125]], 'semantic_tags': [19, 4], 'type_id': 'vehicle.diamondback.century', 'color': '214,0,0', 'base_type': 'bicycle', 'num_points': 44, 'distance': 9.955402740191424, 'speed': 2.0574712924906957, 'brake': 0.0, 'light_state': '3', 'road_id': 370, 'lane_id': -1, 'section_id': 1, 'world2vehicle': [[-0.998591423034668, -0.05305793136358261, 3.850459688692354e-05, 1686.8948974609375], [0.053057603538036346, -0.998582124710083, 0.004305785521864891, -1801.002685546875], [-0.00019000607426278293, 0.004301763139665127, 0.999990701675415, -326.7899169921875], [0.0, 0.0, 0.0, 1.0]], 'position': (9.919586039860178, 0.8438912128340235, 0.036124875844352644), 'yaw': -3.073463133951168, 'color_rgb': None, 'color_name': None, 'lane_type': carla.libcarla.LaneType.Driving, 'lane_type_str': 'Driving', 'is_in_junction': False, 'junction_id': -1, 'distance_to_junction': None, 'next_junction_id': -1, 'next_road_ids': [370], 'next_next_road_ids': [12661], 'same_road_as_ego': True, 'same_direction_as_ego': True, 'lane_relative_to_ego': 0, 'steer': 0.08995701828780751, 'vehicle_cuts_in': False}]
[debug] into second branch, scenario_name = HazardAtSideLaneTwoWays
[debug] current frame is 150
[debug] hazardous_actors = []
[debug] current frame is 155
[debug] hazardous_actors = []
[debug] current frame is 160
[debug] hazardous_actors = []
[debug] current frame is 165
[debug] hazardous_actors = []
[debug] current frame is 170
[debug] hazardous_actors = []
[debug] in HazardAtSideLaneTwoWays, bicycles = [{'class': 'vehicle', 'state': 'dynamic', 'id': '23243', 'location': [1766.0792236328125, -1708.2830810546875, 334.592529296875], 'rotation': [0.5249956250190735, 0.0489061065018177, -176.2811279296875], 'bbx_loc': [0.0, 7.629394360719743e-08, 0.8082212805747986], 'center': [1766.086669921875, -1708.2833251953125, 335.4007263183594], 'extent': [0.7546613812446594, 0.4329703152179718, 0.8061768412590027], 'world_cord': [[1765.369140625, -1708.7645263671875, 336.2134094238281], [1765.354248046875, -1708.7640380859375, 334.6011047363281], [1765.31298828125, -1707.900390625, 336.2141418457031], [1765.298095703125, -1707.9000244140625, 334.60186767578125], [1766.875244140625, -1708.6666259765625, 336.1995849609375], [1766.8603515625, -1708.6661376953125, 334.5872802734375], [1766.819091796875, -1707.802490234375, 336.2003173828125], [1766.80419921875, -1707.8021240234375, 334.5880432128906]], 'semantic_tags': [19, 4], 'type_id': 'vehicle.bh.crossbike', 'color': '20,78,217', 'base_type': 'bicycle', 'num_points': 16, 'distance': 19.506381907425006, 'speed': 2.0720097761112255, 'brake': 0.0, 'light_state': '3', 'road_id': 370, 'lane_id': -1, 'section_id': 1, 'world2vehicle': [[-0.9978523850440979, -0.06485822796821594, 0.009162773378193378, 1648.42431640625], [0.06485311686992645, -0.9978944659233093, -0.0008535366505384445, -1818.9364013671875], [0.009198838844895363, -0.0002574691316112876, 0.9999576807022095, -351.2640686035156], [0.0, 0.0, 0.0, 1.0]], 'position': (19.402070751440988, 2.018233274342947, -0.03219838249106033), 'yaw': -3.138258908537232, 'color_rgb': None, 'color_name': None, 'lane_type': carla.libcarla.LaneType.Driving, 'lane_type_str': 'Driving', 'is_in_junction': False, 'junction_id': -1, 'distance_to_junction': None, 'next_junction_id': -1, 'next_road_ids': [370], 'next_next_road_ids': [12661], 'same_road_as_ego': True, 'same_direction_as_ego': True, 'lane_relative_to_ego': 0, 'steer': -0.03748139465535595, 'vehicle_cuts_in': False}, {'class': 'vehicle', 'state': 'dynamic', 'id': '23242', 'location': [1774.879638671875, -1707.8370361328125, 334.5062561035156], 'rotation': [0.07980392873287201, 0.2480347603559494, -176.47767639160156], 'bbx_loc': [0.0, 7.629394360719743e-08, 0.8157447576522827], 'center': [1774.8809814453125, -1707.8404541015625, 335.3219909667969], 'extent': [0.8281218409538269, 0.2912190854549408, 0.8098834753036499], 'world_cord': [[1774.0736083984375, -1708.1854248046875, 336.13177490234375], [1774.0709228515625, -1708.1785888671875, 334.51202392578125], [1774.037841796875, -1707.6041259765625, 336.13427734375], [1774.03515625, -1707.5972900390625, 334.5145263671875], [1775.726806640625, -1708.083740234375, 336.12945556640625], [1775.72412109375, -1708.076904296875, 334.50970458984375], [1775.6910400390625, -1707.5023193359375, 336.1319885253906], [1775.6883544921875, -1707.4954833984375, 334.5122375488281]], 'semantic_tags': [19, 4], 'type_id': 'vehicle.diamondback.century', 'color': '214,0,0', 'base_type': 'bicycle', 'num_points': 35, 'distance': 10.72012625553204, 'speed': 2.0575793566263343, 'brake': 0.0, 'light_state': '3', 'road_id': 370, 'lane_id': -1, 'section_id': 1, 'world2vehicle': [[-0.9981099963188171, -0.061437368392944336, 0.0013928408734500408, 1666.1341552734375], [0.061430834233760834, -0.9981019496917725, -0.0043290057219564915, -1812.1796875], [0.0016561599913984537, -0.004235260188579559, 0.9999896883964539, -344.6754150390625], [0.0, 0.0, 0.0, 1.0]], 'position': (10.599795410281786, 1.6015721673520602, -0.038964666780998414), 'yaw': -3.138258908537232, 'color_rgb': None, 'color_name': None, 'lane_type': carla.libcarla.LaneType.Driving, 'lane_type_str': 'Driving', 'is_in_junction': False, 'junction_id': -1, 'distance_to_junction': None, 'next_junction_id': -1, 'next_road_ids': [370], 'next_next_road_ids': [12661], 'same_road_as_ego': True, 'same_direction_as_ego': True, 'lane_relative_to_ego': 0, 'steer': -0.09789047486991888, 'vehicle_cuts_in': False}]
[debug] into second branch, scenario_name = HazardAtSideLaneTwoWays
[debug] current frame is 175
[debug] hazardous_actors = [{'class': 'vehicle', 'state': 'dynamic', 'id': '23242', 'location': [1773.85302734375, -1707.891845703125, 334.5131530761719], 'rotation': [0.08047328144311905, -0.246734619140625, -177.05430603027344], 'bbx_loc': [0.0, 7.629394360719743e-08, 0.8157447576522827], 'center': [1773.85400390625, -1707.8883056640625, 335.3288879394531], 'extent': [0.8281218409538269, 0.2912190854549408, 0.8098834753036499], 'world_cord': [[1773.0428466796875, -1708.2181396484375, 336.14117431640625], [1773.041015625, -1708.2252197265625, 334.52142333984375], [1773.012939453125, -1707.636474609375, 336.138671875], [1773.010986328125, -1707.6435546875, 334.5189208984375], [1774.6968994140625, -1708.133056640625, 336.13885498046875], [1774.695068359375, -1708.14013671875, 334.51910400390625], [1774.6669921875, -1707.5513916015625, 336.1363525390625], [1774.6650390625, -1707.5584716796875, 334.5166015625]], 'semantic_tags': [19, 4], 'type_id': 'vehicle.diamondback.century', 'color': '214,0,0', 'base_type': 'bicycle', 'num_points': 53, 'distance': 9.757614589574677, 'speed': 2.056991272527228, 'brake': 0.0, 'light_state': '3', 'road_id': 370, 'lane_id': -1, 'section_id': 1, 'world2vehicle': [[-0.998677670955658, -0.05138932168483734, 0.0014045232674106956, 1683.2701416015625], [0.05139493569731712, -0.9986690878868103, 0.004306313581764698, -1798.2264404296875], [0.001181355444714427, 0.004372804891318083, 0.9999896883964539, -329.136962890625], [0.0, 0.0, 0.0, 1.0]], 'position': (7.779712138927152, 5.888229187378329, 0.13869766753850854), 'yaw': 2.758240202052811, 'color_rgb': None, 'color_name': None, 'lane_type': carla.libcarla.LaneType.Driving, 'lane_type_str': 'Driving', 'is_in_junction': False, 'junction_id': -1, 'distance_to_junction': None, 'next_junction_id': -1, 'next_road_ids': [370], 'next_next_road_ids': [12661], 'same_road_as_ego': True, 'same_direction_as_ego': True, 'lane_relative_to_ego': 0, 'steer': 0.08732880205340256, 'vehicle_cuts_in': False}]
[debug] in HazardAtSideLaneTwoWays, bicycles = []
[debug] current frame is 180
[debug] hazardous_actors = []
[debug] current frame is 185
[debug] hazardous_actors = []
