[debug] relevant_objects = []
[debug] 2
[debug] scenario_name = VehicleOpensDoorTwoWays
[debug] 3
[debug] in second branch, relevant_objects = []
[debug] relevant_objects = [{'class': 'vehicle', 'state': 'dynamic', 'id': '56800', 'location': [3962.494873046875, 4474.0009765625, 368.31500244140625], 'rotation': [0.12512223422527313, -0.0006408786866813898, 99.03330993652344], 'bbx_loc': [-0.0026058789808303118, 8.334517588082235e-06, 0.72035813331604], 'center': [3962.49560546875, 4473.9970703125, 369.03533935546875], 'extent': [2.3368194103240967, 0.9059062600135803, 0.7209736704826355], 'world_cord': [[3961.234130859375, 4476.1611328125, 369.7614440917969], [3961.233642578125, 4476.1640625, 368.3194885253906], [3963.0234375, 4476.4453125, 369.76141357421875], [3963.02294921875, 4476.4482421875, 368.3194885253906], [3961.968017578125, 4471.54541015625, 369.751220703125], [3961.967529296875, 4471.54833984375, 368.3092956542969], [3963.75732421875, 4471.82958984375, 369.751220703125], [3963.7568359375, 4471.8330078125, 368.30926513671875]], 'semantic_tags': [14], 'type_id': 'vehicle.mercedes.coupe_2020', 'color': '73,0,0', 'base_type': 'car', 'num_points': 97, 'distance': 14.999982913325432, 'speed': -6.1111625592264384e-06, 'brake': 0.0, 'light_state': 'NONE', 'road_id': 885, 'lane_id': -3, 'section_id': 0, 'world2vehicle': [[-0.15700827538967133, 0.9875948429107666, 0.002183793345466256, -3797.160400390625], [-0.9875972270965576, -0.15700867772102356, 1.118541695177555e-05, 4615.8017578125], [0.00035392114659771323, -0.0021549519151449203, 0.999997615814209, -360.07525634765625], [0.0, 0.0, 0.0, 1.0]], 'position': (15.000299088783322, -0.0004215865174046485, 0.0012401483116555312), 'yaw': 1.7284554633275875, 'color_rgb': None, 'color_name': None, 'lane_type': carla.libcarla.LaneType.Driving, 'lane_type_str': 'Driving', 'is_in_junction': False, 'junction_id': -1, 'distance_to_junction': 101.00028228759766, 'next_junction_id': 19816, 'next_road_ids': [19820], 'next_next_road_ids': [886], 'same_road_as_ego': True, 'same_direction_as_ego': True, 'lane_relative_to_ego': 0, 'steer': 0.029586011491750823, 'vehicle_cuts_in': True}, {'class': 'vehicle', 'state': 'dynamic', 'id': '56799', 'location': [3960.1396484375, 4488.81494140625, 368.3432312011719], 'rotation': [0.15477891266345978, -0.0004577643994707614, 99.03331756591797], 'bbx_loc': [-0.006303182803094387, -1.1421441740822047e-05, 0.748848557472229], 'center': [3960.140869140625, 4488.806640625, 369.0920715332031], 'extent': [2.44619083404541, 0.9183566570281982, 0.7451388239860535], 'world_cord': [[3958.850341796875, 4491.076171875, 369.84381103515625], [3958.849609375, 4491.08056640625, 368.3535461425781], [3960.664306640625, 4491.36474609375, 369.84381103515625], [3960.66357421875, 4491.36865234375, 368.353515625], [3959.618408203125, 4486.24462890625, 369.8305969238281], [3959.61767578125, 4486.24853515625, 368.34033203125], [3961.432373046875, 4486.533203125, 369.83056640625], [3961.431640625, 4486.537109375, 368.3403015136719]], 'semantic_tags': [14], 'type_id': 'vehicle.lincoln.mkz_2020', 'color': '0,0,0', 'base_type': 'car', 'num_points': 0, 'distance': 30.000004157423685, 'speed': -2.1851462509286422e-05, 'brake': 0.0, 'light_state': 'NONE', 'road_id': 885, 'lane_id': -3, 'section_id': 0, 'world2vehicle': [[-0.15700820088386536, 0.9875936508178711, 0.0027013984508812428, -3812.345703125], [-0.9875972270965576, -0.15700878202915192, 7.98946712166071e-06, 4615.80322265625], [0.00043203364475630224, -0.0026666391640901566, 0.9999963641166687, -358.082763671875], [0.0, 0.0, 0.0, 1.0]], 'position': (30.000343244049873, -0.0003002324046974536, 0.011993382760820737), 'yaw': 1.7284554633275875, 'color_rgb': None, 'color_name': None, 'lane_type': carla.libcarla.LaneType.Driving, 'lane_type_str': 'Driving', 'is_in_junction': False, 'junction_id': -1, 'distance_to_junction': 86.000244140625, 'next_junction_id': 19816, 'next_road_ids': [19820], 'next_next_road_ids': [886], 'same_road_as_ego': True, 'same_direction_as_ego': True, 'lane_relative_to_ego': 0, 'steer': 0.06834742981256148, 'vehicle_cuts_in': True}, {'class': 'vehicle', 'state': 'dynamic', 'id': '56797', 'location': [3965.951416015625, 4474.55078125, 368.3005065917969], 'rotation': [0.1245894730091095, 0.0014050345635041595, 99.03335571289062], 'bbx_loc': [5.3451061830855906e-05, 0.0017945801373571157, 0.7014856338500977], 'center': [3965.949951171875, 4474.548828125, 369.0019836425781], 'extent': [2.6787397861480713, 1.0166014432907104, 0.7053293585777283], 'world_cord': [[3964.525390625, 4477.033203125, 369.7131042480469], [3964.525146484375, 4477.03662109375, 368.3024597167969], [3966.533447265625, 4477.3525390625, 369.7131652832031], [3966.532958984375, 4477.35546875, 368.3025207519531], [3965.36669921875, 4471.7421875, 369.70147705078125], [3965.3662109375, 4471.74560546875, 368.2908020019531], [3967.374755859375, 4472.0615234375, 369.7015075683594], [3967.374267578125, 4472.064453125, 368.2908630371094]], 'semantic_tags': [14], 'type_id': 'vehicle.chevrolet.impala', 'color': '0,12,49', 'base_type': 'car', 'num_points': 126, 'distance': 15.403209215964448, 'speed': 5.527157793776814e-07, 'brake': 0.0, 'light_state': 'NONE', 'road_id': 885, 'lane_id': -2, 'section_id': 0, 'world2vehicle': [[-0.15700910985469818, 0.987594723701477, 0.0021744947880506516, -3797.1533203125], [-0.9875971078872681, -0.15700942277908325, -2.4522420062567107e-05, 4619.3173828125], [0.00031719799153506756, -0.0021513751707971096, 0.999997615814209, -359.9311828613281], [0.0, 0.0, 0.0, 1.0]], 'position': (15.000567301216961, -3.5004179957340966, -0.013239246021587547), 'yaw': 1.7284554633275875, 'color_rgb': None, 'color_name': None, 'lane_type': carla.libcarla.LaneType.Driving, 'lane_type_str': 'Driving', 'is_in_junction': False, 'junction_id': -1, 'distance_to_junction': 101.00028228759766, 'next_junction_id': 19816, 'next_road_ids': [19820], 'next_next_road_ids': [886], 'same_road_as_ego': True, 'same_direction_as_ego': True, 'lane_relative_to_ego': -1, 'steer': 0.05025252766694195, 'vehicle_cuts_in': False}, {'class': 'vehicle', 'state': 'dynamic', 'id': '56796', 'location': [3963.59619140625, 4489.36474609375, 368.3526916503906], 'rotation': [0.1526957005262375, 6.670130225927551e-09, 99.03331756591797], 'bbx_loc': [-0.005344833713024855, 1.828074459808704e-06, 0.7655647397041321], 'center': [3963.597412109375, 4489.357421875, 369.11822509765625], 'extent': [2.5039126873016357, 0.9408109784126282, 0.7673624753952026], 'world_cord': [[3962.275390625, 4491.6806640625, 369.89227294921875], [3962.274658203125, 4491.6845703125, 368.3575439453125], [3964.1337890625, 4491.97607421875, 369.89227294921875], [3964.133056640625, 4491.97998046875, 368.3575439453125], [3963.061767578125, 4486.73486328125, 369.8789367675781], [3963.06103515625, 4486.73876953125, 368.3442077636719], [3964.919921875, 4487.0302734375, 369.8789367675781], [3964.919189453125, 4487.0341796875, 368.3442077636719]], 'semantic_tags': [14], 'type_id': 'vehicle.dodge.charger_2020', 'color': '211,142,0', 'base_type': 'car', 'num_points': 19, 'distance': 30.203763353140932, 'speed': -2.7374221013584928e-05, 'brake': 0.0, 'light_state': 'NONE', 'road_id': 885, 'lane_id': -2, 'section_id': 0, 'world2vehicle': [[-0.15700820088386536, 0.9875937104225159, 0.002665039384737611, -3812.3330078125], [-0.9875972270965576, -0.15700876712799072, -1.1641532182693481e-10, 4619.30615234375], [0.00041843444341793656, -0.002631985582411289, 0.9999964237213135, -358.1939392089844], [0.0, 0.0, 0.0, 1.0]], 'position': (30.00063936633933, -3.500296526782222, 0.02147027154872916), 'yaw': 1.7284554633275875, 'color_rgb': None, 'color_name': None, 'lane_type': carla.libcarla.LaneType.Driving, 'lane_type_str': 'Driving', 'is_in_junction': False, 'junction_id': -1, 'distance_to_junction': 86.000244140625, 'next_junction_id': 19816, 'next_road_ids': [19820], 'next_next_road_ids': [886], 'same_road_as_ego': True, 'same_direction_as_ego': True, 'lane_relative_to_ego': -1, 'steer': 0.0571009969441772, 'vehicle_cuts_in': False}]
[debug] 1
[debug] 2
[debug] scenario_name = VehicleOpensDoorTwoWays
[debug] 3
[debug] in second branch, relevant_objects = [{'class': 'vehicle', 'state': 'dynamic', 'id': '56800', 'location': [3962.494873046875, 4474.0009765625, 368.31500244140625], 'rotation': [0.12512223422527313, -0.0006408786866813898, 99.03330993652344], 'bbx_loc': [-0.0026058789808303118, 8.334517588082235e-06, 0.72035813331604], 'center': [3962.49560546875, 4473.9970703125, 369.03533935546875], 'extent': [2.3368194103240967, 0.9059062600135803, 0.7209736704826355], 'world_cord': [[3961.234130859375, 4476.1611328125, 369.7614440917969], [3961.233642578125, 4476.1640625, 368.3194885253906], [3963.0234375, 4476.4453125, 369.76141357421875], [3963.02294921875, 4476.4482421875, 368.3194885253906], [3961.968017578125, 4471.54541015625, 369.751220703125], [3961.967529296875, 4471.54833984375, 368.3092956542969], [3963.75732421875, 4471.82958984375, 369.751220703125], [3963.7568359375, 4471.8330078125, 368.30926513671875]], 'semantic_tags': [14], 'type_id': 'vehicle.mercedes.coupe_2020', 'color': '73,0,0', 'base_type': 'car', 'num_points': 97, 'distance': 14.999982913325432, 'speed': -6.1111625592264384e-06, 'brake': 0.0, 'light_state': 'NONE', 'road_id': 885, 'lane_id': -3, 'section_id': 0, 'world2vehicle': [[-0.15700827538967133, 0.9875948429107666, 0.002183793345466256, -3797.160400390625], [-0.9875972270965576, -0.15700867772102356, 1.118541695177555e-05, 4615.8017578125], [0.00035392114659771323, -0.0021549519151449203, 0.999997615814209, -360.07525634765625], [0.0, 0.0, 0.0, 1.0]], 'position': (15.000299088783322, -0.0004215865174046485, 0.0012401483116555312), 'yaw': 1.7284554633275875, 'color_rgb': None, 'color_name': None, 'lane_type': carla.libcarla.LaneType.Driving, 'lane_type_str': 'Driving', 'is_in_junction': False, 'junction_id': -1, 'distance_to_junction': 101.00028228759766, 'next_junction_id': 19816, 'next_road_ids': [19820], 'next_next_road_ids': [886], 'same_road_as_ego': True, 'same_direction_as_ego': True, 'lane_relative_to_ego': 0, 'steer': 0.029586011491750823, 'vehicle_cuts_in': True}, {'class': 'vehicle', 'state': 'dynamic', 'id': '56797', 'location': [3965.951416015625, 4474.55078125, 368.3005065917969], 'rotation': [0.1245894730091095, 0.0014050345635041595, 99.03335571289062], 'bbx_loc': [5.3451061830855906e-05, 0.0017945801373571157, 0.7014856338500977], 'center': [3965.949951171875, 4474.548828125, 369.0019836425781], 'extent': [2.6787397861480713, 1.0166014432907104, 0.7053293585777283], 'world_cord': [[3964.525390625, 4477.033203125, 369.7131042480469], [3964.525146484375, 4477.03662109375, 368.3024597167969], [3966.533447265625, 4477.3525390625, 369.7131652832031], [3966.532958984375, 4477.35546875, 368.3025207519531], [3965.36669921875, 4471.7421875, 369.70147705078125], [3965.3662109375, 4471.74560546875, 368.2908020019531], [3967.374755859375, 4472.0615234375, 369.7015075683594], [3967.374267578125, 4472.064453125, 368.2908630371094]], 'semantic_tags': [14], 'type_id': 'vehicle.chevrolet.impala', 'color': '0,12,49', 'base_type': 'car', 'num_points': 126, 'distance': 15.403209215964448, 'speed': 5.527157793776814e-07, 'brake': 0.0, 'light_state': 'NONE', 'road_id': 885, 'lane_id': -2, 'section_id': 0, 'world2vehicle': [[-0.15700910985469818, 0.987594723701477, 0.0021744947880506516, -3797.1533203125], [-0.9875971078872681, -0.15700942277908325, -2.4522420062567107e-05, 4619.3173828125], [0.00031719799153506756, -0.0021513751707971096, 0.999997615814209, -359.9311828613281], [0.0, 0.0, 0.0, 1.0]], 'position': (15.000567301216961, -3.5004179957340966, -0.013239246021587547), 'yaw': 1.7284554633275875, 'color_rgb': None, 'color_name': None, 'lane_type': carla.libcarla.LaneType.Driving, 'lane_type_str': 'Driving', 'is_in_junction': False, 'junction_id': -1, 'distance_to_junction': 101.00028228759766, 'next_junction_id': 19816, 'next_road_ids': [19820], 'next_next_road_ids': [886], 'same_road_as_ego': True, 'same_direction_as_ego': True, 'lane_relative_to_ego': -1, 'steer': 0.05025252766694195, 'vehicle_cuts_in': False}, {'class': 'vehicle', 'state': 'dynamic', 'id': '56799', 'location': [3960.1396484375, 4488.81494140625, 368.3432312011719], 'rotation': [0.15477891266345978, -0.0004577643994707614, 99.03331756591797], 'bbx_loc': [-0.006303182803094387, -1.1421441740822047e-05, 0.748848557472229], 'center': [3960.140869140625, 4488.806640625, 369.0920715332031], 'extent': [2.44619083404541, 0.9183566570281982, 0.7451388239860535], 'world_cord': [[3958.850341796875, 4491.076171875, 369.84381103515625], [3958.849609375, 4491.08056640625, 368.3535461425781], [3960.664306640625, 4491.36474609375, 369.84381103515625], [3960.66357421875, 4491.36865234375, 368.353515625], [3959.618408203125, 4486.24462890625, 369.8305969238281], [3959.61767578125, 4486.24853515625, 368.34033203125], [3961.432373046875, 4486.533203125, 369.83056640625], [3961.431640625, 4486.537109375, 368.3403015136719]], 'semantic_tags': [14], 'type_id': 'vehicle.lincoln.mkz_2020', 'color': '0,0,0', 'base_type': 'car', 'num_points': 0, 'distance': 30.000004157423685, 'speed': -2.1851462509286422e-05, 'brake': 0.0, 'light_state': 'NONE', 'road_id': 885, 'lane_id': -3, 'section_id': 0, 'world2vehicle': [[-0.15700820088386536, 0.9875936508178711, 0.0027013984508812428, -3812.345703125], [-0.9875972270965576, -0.15700878202915192, 7.98946712166071e-06, 4615.80322265625], [0.00043203364475630224, -0.0026666391640901566, 0.9999963641166687, -358.082763671875], [0.0, 0.0, 0.0, 1.0]], 'position': (30.000343244049873, -0.0003002324046974536, 0.011993382760820737), 'yaw': 1.7284554633275875, 'color_rgb': None, 'color_name': None, 'lane_type': carla.libcarla.LaneType.Driving, 'lane_type_str': 'Driving', 'is_in_junction': False, 'junction_id': -1, 'distance_to_junction': 86.000244140625, 'next_junction_id': 19816, 'next_road_ids': [19820], 'next_next_road_ids': [886], 'same_road_as_ego': True, 'same_direction_as_ego': True, 'lane_relative_to_ego': 0, 'steer': 0.06834742981256148, 'vehicle_cuts_in': True}, {'class': 'vehicle', 'state': 'dynamic', 'id': '56796', 'location': [3963.59619140625, 4489.36474609375, 368.3526916503906], 'rotation': [0.1526957005262375, 6.670130225927551e-09, 99.03331756591797], 'bbx_loc': [-0.005344833713024855, 1.828074459808704e-06, 0.7655647397041321], 'center': [3963.597412109375, 4489.357421875, 369.11822509765625], 'extent': [2.5039126873016357, 0.9408109784126282, 0.7673624753952026], 'world_cord': [[3962.275390625, 4491.6806640625, 369.89227294921875], [3962.274658203125, 4491.6845703125, 368.3575439453125], [3964.1337890625, 4491.97607421875, 369.89227294921875], [3964.133056640625, 4491.97998046875, 368.3575439453125], [3963.061767578125, 4486.73486328125, 369.8789367675781], [3963.06103515625, 4486.73876953125, 368.3442077636719], [3964.919921875, 4487.0302734375, 369.8789367675781], [3964.919189453125, 4487.0341796875, 368.3442077636719]], 'semantic_tags': [14], 'type_id': 'vehicle.dodge.charger_2020', 'color': '211,142,0', 'base_type': 'car', 'num_points': 19, 'distance': 30.203763353140932, 'speed': -2.7374221013584928e-05, 'brake': 0.0, 'light_state': 'NONE', 'road_id': 885, 'lane_id': -2, 'section_id': 0, 'world2vehicle': [[-0.15700820088386536, 0.9875937104225159, 0.002665039384737611, -3812.3330078125], [-0.9875972270965576, -0.15700876712799072, -1.1641532182693481e-10, 4619.30615234375], [0.00041843444341793656, -0.002631985582411289, 0.9999964237213135, -358.1939392089844], [0.0, 0.0, 0.0, 1.0]], 'position': (30.00063936633933, -3.500296526782222, 0.02147027154872916), 'yaw': 1.7284554633275875, 'color_rgb': None, 'color_name': None, 'lane_type': carla.libcarla.LaneType.Driving, 'lane_type_str': 'Driving', 'is_in_junction': False, 'junction_id': -1, 'distance_to_junction': 86.000244140625, 'next_junction_id': 19816, 'next_road_ids': [19820], 'next_next_road_ids': [886], 'same_road_as_ego': True, 'same_direction_as_ego': True, 'lane_relative_to_ego': -1, 'steer': 0.0571009969441772, 'vehicle_cuts_in': False}]
[debug] relevant_objects = []
[debug] 2
[debug] scenario_name = VehicleOpensDoorTwoWays
[debug] 3
[debug] in second branch, relevant_objects = []
[debug] relevant_objects = []
[debug] 2
[debug] scenario_name = VehicleOpensDoorTwoWays
[debug] 3
[debug] in second branch, relevant_objects = []
[debug] relevant_objects = []
[debug] 2
[debug] scenario_name = VehicleOpensDoorTwoWays
[debug] 3
[debug] in second branch, relevant_objects = []
[debug] relevant_objects = []
[debug] 2
[debug] scenario_name = VehicleOpensDoorTwoWays
[debug] 3
[debug] in second branch, relevant_objects = []
[debug] relevant_objects = []
[debug] 2
[debug] scenario_name = VehicleOpensDoorTwoWays
[debug] 3
[debug] in second branch, relevant_objects = []
[debug] relevant_objects = []
[debug] 2
[debug] scenario_name = VehicleOpensDoorTwoWays
[debug] 3
[debug] in second branch, relevant_objects = []
[debug] relevant_objects = []
[debug] 2
[debug] scenario_name = VehicleOpensDoorTwoWays
[debug] 3
[debug] in second branch, relevant_objects = []
[debug] relevant_objects = []
[debug] 2
[debug] scenario_name = VehicleOpensDoorTwoWays
[debug] 3
[debug] in second branch, relevant_objects = []
[debug] relevant_objects = []
[debug] 2
[debug] scenario_name = VehicleOpensDoorTwoWays
[debug] 3
[debug] in second branch, relevant_objects = []
[debug] relevant_objects = []
[debug] 2
[debug] scenario_name = VehicleOpensDoorTwoWays
[debug] 3
[debug] in second branch, relevant_objects = []
[debug] relevant_objects = []
[debug] 2
[debug] scenario_name = VehicleOpensDoorTwoWays
[debug] 3
[debug] in second branch, relevant_objects = []
[debug] relevant_objects = []
[debug] 2
[debug] scenario_name = VehicleOpensDoorTwoWays
[debug] 3
[debug] in second branch, relevant_objects = []
[debug] relevant_objects = []
[debug] 2
[debug] scenario_name = VehicleOpensDoorTwoWays
[debug] 3
[debug] in second branch, relevant_objects = []
[debug] relevant_objects = []
[debug] 2
[debug] scenario_name = VehicleOpensDoorTwoWays
[debug] 3
[debug] in second branch, relevant_objects = []
[debug] relevant_objects = []
[debug] 2
[debug] scenario_name = VehicleOpensDoorTwoWays
[debug] 3
[debug] in second branch, relevant_objects = []
[debug] relevant_objects = []
[debug] 2
[debug] scenario_name = VehicleOpensDoorTwoWays
[debug] 3
[debug] in second branch, relevant_objects = []
[debug] relevant_objects = []
[debug] 2
[debug] scenario_name = VehicleOpensDoorTwoWays
[debug] 3
[debug] in second branch, relevant_objects = []
[debug] relevant_objects = [{'class': 'vehicle', 'state': 'dynamic', 'id': '56800', 'location': [3950.21435546875, 4550.92578125, 368.4195861816406], 'rotation': [0.019308943301439285, 0.00024808794842101634, 99.7287368774414], 'bbx_loc': [-0.0026058789808303118, 8.334517588082235e-06, 0.72035813331604], 'center': [3950.21484375, 4550.9228515625, 369.13995361328125], 'extent': [2.3368194103240967, 0.9059062600135803, 0.7209736704826355], 'world_cord': [[3948.927001953125, 4553.07275390625, 369.8616943359375], [3948.927001953125, 4553.0732421875, 368.41973876953125], [3950.712890625, 4553.37890625, 369.8616943359375], [3950.712890625, 4553.37939453125, 368.4197692871094], [3949.716796875, 4548.46630859375, 369.8601379394531], [3949.716796875, 4548.466796875, 368.4181823730469], [3951.502685546875, 4548.7724609375, 369.8601379394531], [3951.50244140625, 4548.77294921875, 368.4181823730469]], 'semantic_tags': [14], 'type_id': 'vehicle.mercedes.coupe_2020', 'color': '73,0,0', 'base_type': 'car', 'num_points': 30, 'distance': 29.17038818742693, 'speed': 0.7505995695616693, 'brake': 0.0, 'light_state': 'NONE', 'road_id': 885, 'lane_id': -3, 'section_id': 0, 'world2vehicle': [[-0.16898365318775177, 0.9856187701225281, 0.00033700463245622814, -3818.08056640625], [-0.9856188297271729, -0.16898366808891296, -4.329951025283663e-06, 4662.439453125], [5.26805997651536e-05, -0.0003328898164909333, 0.9999999403953552, -367.1127014160156], [0.0, 0.0, 0.0, 1.0]], 'position': (29.157202836641773, 0.12943493952479912, 0.8704560256217064), 'yaw': 1.729783049130992, 'color_rgb': None, 'color_name': None, 'lane_type': carla.libcarla.LaneType.Driving, 'lane_type_str': 'Driving', 'is_in_junction': False, 'junction_id': -1, 'distance_to_junction': 23.99979591369629, 'next_junction_id': 19816, 'next_road_ids': [19820], 'next_next_road_ids': [886], 'same_road_as_ego': True, 'same_direction_as_ego': True, 'lane_relative_to_ego': 0, 'steer': -0.007010321475501185, 'vehicle_cuts_in': True}, {'class': 'vehicle', 'state': 'dynamic', 'id': '56797', 'location': [3956.869873046875, 4531.02001953125, 368.4088439941406], 'rotation': [0.04387713223695755, -3.051574640267063e-05, 99.0740737915039], 'bbx_loc': [5.3451061830855906e-05, 0.0017945801373571157, 0.7014856338500977], 'center': [3956.8681640625, 4531.01904296875, 369.1103210449219], 'extent': [2.6787397861480713, 1.0166014432907104, 0.7053293585777283], 'world_cord': [[3955.44189453125, 4533.50341796875, 369.8177185058594], [3955.441650390625, 4533.5048828125, 368.40704345703125], [3957.44970703125, 4533.82421875, 369.8177185058594], [3957.449462890625, 4533.8251953125, 368.40704345703125], [3956.286865234375, 4528.21337890625, 369.8135986328125], [3956.28662109375, 4528.21435546875, 368.4029541015625], [3958.294677734375, 4528.53369140625, 369.8135986328125], [3958.29443359375, 4528.53466796875, 368.4029541015625]], 'semantic_tags': [14], 'type_id': 'vehicle.chevrolet.impala', 'color': '0,12,49', 'base_type': 'car', 'num_points': 502, 'distance': 9.079085399362596, 'speed': 8.556462842100055, 'brake': 0.0, 'light_state': 'NONE', 'road_id': 885, 'lane_id': -2, 'section_id': 0, 'world2vehicle': [[-0.1577111929655075, 0.9874849915504456, 0.0007658003596588969, -3850.553955078125], [-0.9874852895736694, -0.1577112376689911, 5.326000973582268e-07, 4621.943359375], [0.00012130125833209604, -0.0007561325910501182, 0.9999997019767761, -365.462646484375], [0.0, 0.0, 0.0, 1.0]], 'position': (8.458271747195795, -3.290648089295246, 0.24382585268347157), 'yaw': 1.729783049130992, 'color_rgb': None, 'color_name': None, 'lane_type': carla.libcarla.LaneType.Driving, 'lane_type_str': 'Driving', 'is_in_junction': False, 'junction_id': -1, 'distance_to_junction': 43.99983596801758, 'next_junction_id': 19816, 'next_road_ids': [19820], 'next_next_road_ids': [886], 'same_road_as_ego': True, 'same_direction_as_ego': True, 'lane_relative_to_ego': -1, 'steer': -0.0014631522763425486, 'vehicle_cuts_in': False}, {'class': 'vehicle', 'state': 'dynamic', 'id': '56796', 'location': [3953.1748046875, 4554.28076171875, 368.4217529296875], 'rotation': [0.06436087191104889, 7.95610758359544e-05, 99.0295181274414], 'bbx_loc': [-0.005344833713024855, 1.828074459808704e-06, 0.7655647397041321], 'center': [3953.17578125, 4554.2744140625, 369.18731689453125], 'extent': [2.5039126873016357, 0.9408109784126282, 0.7673624753952026], 'world_cord': [[3951.853759765625, 4556.59912109375, 369.9574890136719], [3951.853515625, 4556.6005859375, 368.4227600097656], [3953.712158203125, 4556.89453125, 369.9574890136719], [3953.7119140625, 4556.89599609375, 368.4227600097656], [3952.6396484375, 4551.6533203125, 369.9518737792969], [3952.639404296875, 4551.65478515625, 368.4171447753906], [3954.498046875, 4551.94873046875, 369.9518737792969], [3954.497802734375, 4551.9501953125, 368.4171447753906]], 'semantic_tags': [14], 'type_id': 'vehicle.dodge.charger_2020', 'color': '211,142,0', 'base_type': 'car', 'num_points': 17, 'distance': 32.186275748701426, 'speed': 8.32829226459199, 'brake': 0.0, 'light_state': 'NONE', 'road_id': 885, 'lane_id': -2, 'section_id': 0, 'world2vehicle': [[-0.1569432020187378, 0.987606942653656, 0.001123308902606368, -3877.829345703125], [-0.9876075983047485, -0.15694330632686615, -1.3886018450648407e-06, 4618.94970703125], [0.0001749244111124426, -0.0011096063535660505, 0.9999993443489075, -364.0595703125], [0.0, 0.0, 0.0, 1.0]], 'position': (31.999858031256736, -3.324839001692453, 0.956831148159381), 'yaw': 1.729783049130992, 'color_rgb': None, 'color_name': None, 'lane_type': carla.libcarla.LaneType.Driving, 'lane_type_str': 'Driving', 'is_in_junction': False, 'junction_id': -1, 'distance_to_junction': 20.99974822998047, 'next_junction_id': 19816, 'next_road_ids': [19820], 'next_next_road_ids': [886], 'same_road_as_ego': True, 'same_direction_as_ego': True, 'lane_relative_to_ego': -1, 'steer': 0.001718701466516672, 'vehicle_cuts_in': False}, {'class': 'vehicle', 'state': 'dynamic', 'id': '56761', 'location': [3951.637451171875, 4528.95751953125, 368.4912109375], 'rotation': [0.007007773499935865, -5.607273578643799, 99.03112030029297], 'bbx_loc': [-0.0026168259792029858, -3.361463313922286e-05, 0.720352053642273], 'center': [3951.70751953125, 4528.9658203125, 369.2080993652344], 'extent': [2.3368194103240967, 0.9059062600135803, 0.7209736704826355], 'world_cord': [[3950.519775390625, 4531.14306640625, 370.0144348144531], [3950.380615234375, 4531.12109375, 368.5793762207031], [3952.300537109375, 4531.42626953125, 369.83740234375], [3952.161376953125, 4531.404296875, 368.4023742675781], [3951.25341796875, 4526.52734375, 370.01385498046875], [3951.1142578125, 4526.50537109375, 368.5788269042969], [3953.0341796875, 4526.810546875, 369.8368225097656], [3952.89501953125, 4526.78857421875, 368.40179443359375]], 'semantic_tags': [14], 'type_id': 'vehicle.mercedes.coupe_2020', 'color': '187,187,187', 'base_type': 'car', 'num_points': 571, 'distance': 7.580511617907887, 'speed': 0.0, 'brake': 0.0, 'light_state': 'NONE', 'road_id': 885, 'lane_id': -3, 'section_id': 0, 'world2vehicle': [[-0.15697085857391357, 0.9876032471656799, 0.00012230871652718633, -3852.566162109375], [-0.9828757047653198, -0.15623155236244202, 0.09770924597978592, 4555.52978515625], [0.09651707857847214, 0.015217290259897709, 0.9952149987220764, -817.0469360351562], [0.0, 0.0, 0.0, 1.0]], 'position': (7.248254560941859, 2.2023094025671526, 0.29076844809139857), 'yaw': 1.729783049130992, 'color_rgb': None, 'color_name': None, 'lane_type': carla.libcarla.LaneType.Shoulder, 'lane_type_str': 'Shoulder', 'is_in_junction': False, 'junction_id': -1, 'distance_to_junction': 45.00002670288086, 'next_junction_id': 19816, 'next_road_ids': [19820], 'next_next_road_ids': [886], 'same_road_as_ego': True, 'same_direction_as_ego': True, 'lane_relative_to_ego': 1, 'steer': 0.0, 'vehicle_cuts_in': True}]
[debug] 1
[debug] 2
[debug] scenario_name = VehicleOpensDoorTwoWays
[debug] 3
[debug] in second branch, relevant_objects = [{'class': 'vehicle', 'state': 'dynamic', 'id': '56761', 'location': [3951.637451171875, 4528.95751953125, 368.4912109375], 'rotation': [0.007007773499935865, -5.607273578643799, 99.03112030029297], 'bbx_loc': [-0.0026168259792029858, -3.361463313922286e-05, 0.720352053642273], 'center': [3951.70751953125, 4528.9658203125, 369.2080993652344], 'extent': [2.3368194103240967, 0.9059062600135803, 0.7209736704826355], 'world_cord': [[3950.519775390625, 4531.14306640625, 370.0144348144531], [3950.380615234375, 4531.12109375, 368.5793762207031], [3952.300537109375, 4531.42626953125, 369.83740234375], [3952.161376953125, 4531.404296875, 368.4023742675781], [3951.25341796875, 4526.52734375, 370.01385498046875], [3951.1142578125, 4526.50537109375, 368.5788269042969], [3953.0341796875, 4526.810546875, 369.8368225097656], [3952.89501953125, 4526.78857421875, 368.40179443359375]], 'semantic_tags': [14], 'type_id': 'vehicle.mercedes.coupe_2020', 'color': '187,187,187', 'base_type': 'car', 'num_points': 571, 'distance': 7.580511617907887, 'speed': 0.0, 'brake': 0.0, 'light_state': 'NONE', 'road_id': 885, 'lane_id': -3, 'section_id': 0, 'world2vehicle': [[-0.15697085857391357, 0.9876032471656799, 0.00012230871652718633, -3852.566162109375], [-0.9828757047653198, -0.15623155236244202, 0.09770924597978592, 4555.52978515625], [0.09651707857847214, 0.015217290259897709, 0.9952149987220764, -817.0469360351562], [0.0, 0.0, 0.0, 1.0]], 'position': (7.248254560941859, 2.2023094025671526, 0.29076844809139857), 'yaw': 1.729783049130992, 'color_rgb': None, 'color_name': None, 'lane_type': carla.libcarla.LaneType.Shoulder, 'lane_type_str': 'Shoulder', 'is_in_junction': False, 'junction_id': -1, 'distance_to_junction': 45.00002670288086, 'next_junction_id': 19816, 'next_road_ids': [19820], 'next_next_road_ids': [886], 'same_road_as_ego': True, 'same_direction_as_ego': True, 'lane_relative_to_ego': 1, 'steer': 0.0, 'vehicle_cuts_in': True}, {'class': 'vehicle', 'state': 'dynamic', 'id': '56797', 'location': [3956.869873046875, 4531.02001953125, 368.4088439941406], 'rotation': [0.04387713223695755, -3.051574640267063e-05, 99.0740737915039], 'bbx_loc': [5.3451061830855906e-05, 0.0017945801373571157, 0.7014856338500977], 'center': [3956.8681640625, 4531.01904296875, 369.1103210449219], 'extent': [2.6787397861480713, 1.0166014432907104, 0.7053293585777283], 'world_cord': [[3955.44189453125, 4533.50341796875, 369.8177185058594], [3955.441650390625, 4533.5048828125, 368.40704345703125], [3957.44970703125, 4533.82421875, 369.8177185058594], [3957.449462890625, 4533.8251953125, 368.40704345703125], [3956.286865234375, 4528.21337890625, 369.8135986328125], [3956.28662109375, 4528.21435546875, 368.4029541015625], [3958.294677734375, 4528.53369140625, 369.8135986328125], [3958.29443359375, 4528.53466796875, 368.4029541015625]], 'semantic_tags': [14], 'type_id': 'vehicle.chevrolet.impala', 'color': '0,12,49', 'base_type': 'car', 'num_points': 502, 'distance': 9.079085399362596, 'speed': 8.556462842100055, 'brake': 0.0, 'light_state': 'NONE', 'road_id': 885, 'lane_id': -2, 'section_id': 0, 'world2vehicle': [[-0.1577111929655075, 0.9874849915504456, 0.0007658003596588969, -3850.553955078125], [-0.9874852895736694, -0.1577112376689911, 5.326000973582268e-07, 4621.943359375], [0.00012130125833209604, -0.0007561325910501182, 0.9999997019767761, -365.462646484375], [0.0, 0.0, 0.0, 1.0]], 'position': (8.458271747195795, -3.290648089295246, 0.24382585268347157), 'yaw': 1.729783049130992, 'color_rgb': None, 'color_name': None, 'lane_type': carla.libcarla.LaneType.Driving, 'lane_type_str': 'Driving', 'is_in_junction': False, 'junction_id': -1, 'distance_to_junction': 43.99983596801758, 'next_junction_id': 19816, 'next_road_ids': [19820], 'next_next_road_ids': [886], 'same_road_as_ego': True, 'same_direction_as_ego': True, 'lane_relative_to_ego': -1, 'steer': -0.0014631522763425486, 'vehicle_cuts_in': False}, {'class': 'vehicle', 'state': 'dynamic', 'id': '56800', 'location': [3950.21435546875, 4550.92578125, 368.4195861816406], 'rotation': [0.019308943301439285, 0.00024808794842101634, 99.7287368774414], 'bbx_loc': [-0.0026058789808303118, 8.334517588082235e-06, 0.72035813331604], 'center': [3950.21484375, 4550.9228515625, 369.13995361328125], 'extent': [2.3368194103240967, 0.9059062600135803, 0.7209736704826355], 'world_cord': [[3948.927001953125, 4553.07275390625, 369.8616943359375], [3948.927001953125, 4553.0732421875, 368.41973876953125], [3950.712890625, 4553.37890625, 369.8616943359375], [3950.712890625, 4553.37939453125, 368.4197692871094], [3949.716796875, 4548.46630859375, 369.8601379394531], [3949.716796875, 4548.466796875, 368.4181823730469], [3951.502685546875, 4548.7724609375, 369.8601379394531], [3951.50244140625, 4548.77294921875, 368.4181823730469]], 'semantic_tags': [14], 'type_id': 'vehicle.mercedes.coupe_2020', 'color': '73,0,0', 'base_type': 'car', 'num_points': 30, 'distance': 29.17038818742693, 'speed': 0.7505995695616693, 'brake': 0.0, 'light_state': 'NONE', 'road_id': 885, 'lane_id': -3, 'section_id': 0, 'world2vehicle': [[-0.16898365318775177, 0.9856187701225281, 0.00033700463245622814, -3818.08056640625], [-0.9856188297271729, -0.16898366808891296, -4.329951025283663e-06, 4662.439453125], [5.26805997651536e-05, -0.0003328898164909333, 0.9999999403953552, -367.1127014160156], [0.0, 0.0, 0.0, 1.0]], 'position': (29.157202836641773, 0.12943493952479912, 0.8704560256217064), 'yaw': 1.729783049130992, 'color_rgb': None, 'color_name': None, 'lane_type': carla.libcarla.LaneType.Driving, 'lane_type_str': 'Driving', 'is_in_junction': False, 'junction_id': -1, 'distance_to_junction': 23.99979591369629, 'next_junction_id': 19816, 'next_road_ids': [19820], 'next_next_road_ids': [886], 'same_road_as_ego': True, 'same_direction_as_ego': True, 'lane_relative_to_ego': 0, 'steer': -0.007010321475501185, 'vehicle_cuts_in': True}, {'class': 'vehicle', 'state': 'dynamic', 'id': '56796', 'location': [3953.1748046875, 4554.28076171875, 368.4217529296875], 'rotation': [0.06436087191104889, 7.95610758359544e-05, 99.0295181274414], 'bbx_loc': [-0.005344833713024855, 1.828074459808704e-06, 0.7655647397041321], 'center': [3953.17578125, 4554.2744140625, 369.18731689453125], 'extent': [2.5039126873016357, 0.9408109784126282, 0.7673624753952026], 'world_cord': [[3951.853759765625, 4556.59912109375, 369.9574890136719], [3951.853515625, 4556.6005859375, 368.4227600097656], [3953.712158203125, 4556.89453125, 369.9574890136719], [3953.7119140625, 4556.89599609375, 368.4227600097656], [3952.6396484375, 4551.6533203125, 369.9518737792969], [3952.639404296875, 4551.65478515625, 368.4171447753906], [3954.498046875, 4551.94873046875, 369.9518737792969], [3954.497802734375, 4551.9501953125, 368.4171447753906]], 'semantic_tags': [14], 'type_id': 'vehicle.dodge.charger_2020', 'color': '211,142,0', 'base_type': 'car', 'num_points': 17, 'distance': 32.186275748701426, 'speed': 8.32829226459199, 'brake': 0.0, 'light_state': 'NONE', 'road_id': 885, 'lane_id': -2, 'section_id': 0, 'world2vehicle': [[-0.1569432020187378, 0.987606942653656, 0.001123308902606368, -3877.829345703125], [-0.9876075983047485, -0.15694330632686615, -1.3886018450648407e-06, 4618.94970703125], [0.0001749244111124426, -0.0011096063535660505, 0.9999993443489075, -364.0595703125], [0.0, 0.0, 0.0, 1.0]], 'position': (31.999858031256736, -3.324839001692453, 0.956831148159381), 'yaw': 1.729783049130992, 'color_rgb': None, 'color_name': None, 'lane_type': carla.libcarla.LaneType.Driving, 'lane_type_str': 'Driving', 'is_in_junction': False, 'junction_id': -1, 'distance_to_junction': 20.99974822998047, 'next_junction_id': 19816, 'next_road_ids': [19820], 'next_next_road_ids': [886], 'same_road_as_ego': True, 'same_direction_as_ego': True, 'lane_relative_to_ego': -1, 'steer': 0.001718701466516672, 'vehicle_cuts_in': False}]
