[debug] path = ../../../Bench2Drive-rep/VehicleOpensDoorTwoWays_Town12_Route1196_Weather0/anno/00000.json.gz
[debug] all vehicles in dictionary:
{'class': 'vehicle', 'state': 'dynamic', 'id': '56761', 'location': [3951.638671875, 4528.95751953125, 368.491943359375], 'rotation': [0.012444604188203812, -5.611727714538574, 99.03253936767578], 'bbx_loc': [-0.0026168259792029858, -3.361463313922286e-05, 0.720352053642273], 'center': [3951.708740234375, 4528.9658203125, 369.2088317871094], 'extent': [2.3368194103240967, 0.9059062600135803, 0.7209736704826355], 'world_cord': [[3950.52099609375, 4531.14306640625, 370.01544189453125], [3950.3818359375, 4531.12109375, 368.5804138183594], [3952.3017578125, 4531.42626953125, 369.8382873535156], [3952.16259765625, 4531.404296875, 368.4032287597656], [3951.2548828125, 4526.52734375, 370.0144348144531], [3951.115478515625, 4526.50537109375, 368.57940673828125], [3953.03564453125, 4526.810546875, 369.8372497558594], [3952.896240234375, 4526.78857421875, 368.4022216796875]], 'semantic_tags': [14], 'type_id': 'vehicle.mercedes.coupe_2020', 'color': '187,187,187', 'base_type': 'car', 'num_points': 3, 'distance': 71.01027447317543, 'speed': 0.0, 'brake': 0.0, 'light_state': 'NONE', 'road_id': 885, 'lane_id': -3, 'section_id': 0, 'world2vehicle': [[-0.15699535608291626, 0.9875993132591248, 0.0002171993110096082, -3852.486572265625], [-0.9828628301620483, -0.15626393258571625, 0.09778661280870438, 4555.59765625], [0.09660793095827103, 0.015138566493988037, 0.9952074289321899, -817.0474853515625], [0.0, 0.0, 0.0, 1.0]], 'position': (70.97968981616123, 2.092982003588986, 0.11286723572243318), 'yaw': 1.7284581264886776, 'color_rgb': None, 'color_name': None, 'lane_type': carla.libcarla.LaneType.Shoulder, 'lane_type_str': 'Shoulder', 'is_in_junction': False, 'junction_id': -1, 'distance_to_junction': 45.00002670288086, 'next_junction_id': 19816, 'next_road_ids': [19820], 'next_next_road_ids': [886], 'same_road_as_ego': True, 'same_direction_as_ego': True, 'lane_relative_to_ego': 1, 'steer': 0.0, 'vehicle_cuts_in': False}
[debug] visibility: True
[debug] relevant_objects = []
[debug] 2
[debug] scenario_name = VehicleOpensDoorTwoWays
[debug] 3
[debug] in second branch, relevant_objects = []
[debug] path = ../../../Bench2Drive-rep/VehicleOpensDoorTwoWays_Town12_Route1196_Weather0/anno/00005.json.gz
[debug] all vehicles in dictionary:
{'class': 'vehicle', 'state': 'dynamic', 'id': '56801', 'location': [3967.204833984375, 4444.373046875, 368.26568603515625], 'rotation': [0.05157475546002388, -0.00045776626211591065, 99.03330993652344], 'bbx_loc': [-0.0003715988132171333, -9.832531304709846e-07, 0.6926568746566772], 'center': [3967.205078125, 4444.3720703125, 368.9583435058594], 'extent': [2.0906050205230713, 0.9970585703849792, 0.6926480531692505], 'world_cord': [[3965.89208984375, 4446.27978515625, 369.65289306640625], [3965.891845703125, 4446.28076171875, 368.267578125], [3967.861572265625, 4446.5927734375, 369.6528625488281], [3967.861328125, 4446.59375, 368.267578125], [3966.548583984375, 4442.150390625, 369.64910888671875], [3966.54833984375, 4442.1513671875, 368.2638244628906], [3968.51806640625, 4442.46337890625, 369.64910888671875], [3968.517822265625, 4442.46435546875, 368.2637939453125]], 'semantic_tags': [14], 'type_id': 'vehicle.audi.tt', 'color': '33,33,33', 'base_type': 'car', 'num_points': 100, 'distance': 14.999982913325432, 'speed': 3.7517766911484676e-06, 'brake': 0.0, 'light_state': 'NONE', 'road_id': 885, 'lane_id': -3, 'section_id': 0, 'world2vehicle': [[-0.1570085883140564, 0.9875968098640442, 0.0009001491707749665, -3766.69482421875], [-0.9875972270965576, -0.15700864791870117, 7.989524419826921e-06, 4615.802734375], [0.00014922163973096758, -0.0008877303916960955, 0.9999995827674866, -364.912109375], [0.0, 0.0, 0.0, 1.0]], 'position': (-14.999704238713093, -0.00018203515628556488, -0.013125303614540229), 'yaw': 1.7284554633275875, 'color_rgb': None, 'color_name': None, 'lane_type': carla.libcarla.LaneType.Driving, 'lane_type_str': 'Driving', 'is_in_junction': False, 'junction_id': -1, 'distance_to_junction': 131.0003204345703, 'next_junction_id': 19816, 'next_road_ids': [19820], 'next_next_road_ids': [886], 'same_road_as_ego': True, 'same_direction_as_ego': True, 'lane_relative_to_ego': 0, 'steer': 0.04696397277384975, 'vehicle_cuts_in': False}
[debug] visibility: False
{'class': 'vehicle', 'state': 'dynamic', 'id': '56800', 'location': [3962.494873046875, 4474.0009765625, 368.31500244140625], 'rotation': [0.12512223422527313, -0.0006408786866813898, 99.03330993652344], 'bbx_loc': [-0.0026058789808303118, 8.334517588082235e-06, 0.72035813331604], 'center': [3962.49560546875, 4473.9970703125, 369.03533935546875], 'extent': [2.3368194103240967, 0.9059062600135803, 0.7209736704826355], 'world_cord': [[3961.234130859375, 4476.1611328125, 369.7614440917969], [3961.233642578125, 4476.1640625, 368.3194885253906], [3963.0234375, 4476.4453125, 369.76141357421875], [3963.02294921875, 4476.4482421875, 368.3194885253906], [3961.968017578125, 4471.54541015625, 369.751220703125], [3961.967529296875, 4471.54833984375, 368.3092956542969], [3963.75732421875, 4471.82958984375, 369.751220703125], [3963.7568359375, 4471.8330078125, 368.30926513671875]], 'semantic_tags': [14], 'type_id': 'vehicle.mercedes.coupe_2020', 'color': '73,0,0', 'base_type': 'car', 'num_points': 97, 'distance': 14.999982913325432, 'speed': -6.1111625592264384e-06, 'brake': 0.0, 'light_state': 'NONE', 'road_id': 885, 'lane_id': -3, 'section_id': 0, 'world2vehicle': [[-0.15700827538967133, 0.9875948429107666, 0.002183793345466256, -3797.160400390625], [-0.9875972270965576, -0.15700867772102356, 1.118541695177555e-05, 4615.8017578125], [0.00035392114659771323, -0.0021549519151449203, 0.999997615814209, -360.07525634765625], [0.0, 0.0, 0.0, 1.0]], 'position': (15.000299088783322, -0.0004215865174046485, 0.0012401483116555312), 'yaw': 1.7284554633275875, 'color_rgb': None, 'color_name': None, 'lane_type': carla.libcarla.LaneType.Driving, 'lane_type_str': 'Driving', 'is_in_junction': False, 'junction_id': -1, 'distance_to_junction': 101.00028228759766, 'next_junction_id': 19816, 'next_road_ids': [19820], 'next_next_road_ids': [886], 'same_road_as_ego': True, 'same_direction_as_ego': True, 'lane_relative_to_ego': 0, 'steer': 0.029586011491750823, 'vehicle_cuts_in': False}
[debug] visibility: True
{'class': 'vehicle', 'state': 'dynamic', 'id': '56799', 'location': [3960.1396484375, 4488.81494140625, 368.3432312011719], 'rotation': [0.15477891266345978, -0.0004577643994707614, 99.03331756591797], 'bbx_loc': [-0.006303182803094387, -1.1421441740822047e-05, 0.748848557472229], 'center': [3960.140869140625, 4488.806640625, 369.0920715332031], 'extent': [2.44619083404541, 0.9183566570281982, 0.7451388239860535], 'world_cord': [[3958.850341796875, 4491.076171875, 369.84381103515625], [3958.849609375, 4491.08056640625, 368.3535461425781], [3960.664306640625, 4491.36474609375, 369.84381103515625], [3960.66357421875, 4491.36865234375, 368.353515625], [3959.618408203125, 4486.24462890625, 369.8305969238281], [3959.61767578125, 4486.24853515625, 368.34033203125], [3961.432373046875, 4486.533203125, 369.83056640625], [3961.431640625, 4486.537109375, 368.3403015136719]], 'semantic_tags': [14], 'type_id': 'vehicle.lincoln.mkz_2020', 'color': '0,0,0', 'base_type': 'car', 'num_points': 0, 'distance': 30.000004157423685, 'speed': -2.1851462509286422e-05, 'brake': 0.0, 'light_state': 'NONE', 'road_id': 885, 'lane_id': -3, 'section_id': 0, 'world2vehicle': [[-0.15700820088386536, 0.9875936508178711, 0.0027013984508812428, -3812.345703125], [-0.9875972270965576, -0.15700878202915192, 7.98946712166071e-06, 4615.80322265625], [0.00043203364475630224, -0.0026666391640901566, 0.9999963641166687, -358.082763671875], [0.0, 0.0, 0.0, 1.0]], 'position': (30.000343244049873, -0.0003002324046974536, 0.011993382760820737), 'yaw': 1.7284554633275875, 'color_rgb': None, 'color_name': None, 'lane_type': carla.libcarla.LaneType.Driving, 'lane_type_str': 'Driving', 'is_in_junction': False, 'junction_id': -1, 'distance_to_junction': 86.000244140625, 'next_junction_id': 19816, 'next_road_ids': [19820], 'next_next_road_ids': [886], 'same_road_as_ego': True, 'same_direction_as_ego': True, 'lane_relative_to_ego': 0, 'steer': 0.06834742981256148, 'vehicle_cuts_in': False}
[debug] visibility: True
{'class': 'vehicle', 'state': 'dynamic', 'id': '56798', 'location': [3970.661376953125, 4444.9228515625, 368.27679443359375], 'rotation': [0.05136984959244728, 0.0003086643118876964, 99.0333251953125], 'bbx_loc': [-0.0026071907486766577, -3.7173627788433805e-05, 0.7203541398048401], 'center': [3970.661865234375, 4444.91943359375, 368.99713134765625], 'extent': [2.3368194103240967, 0.9059062600135803, 0.7209736704826355], 'world_cord': [[3969.400390625, 4447.08447265625, 369.72021484375], [3969.400146484375, 4447.0859375, 368.27825927734375], [3971.189697265625, 4447.369140625, 369.72021484375], [3971.189697265625, 4447.3701171875, 368.27825927734375], [3970.13427734375, 4442.46875, 369.7160339355469], [3970.134033203125, 4442.47021484375, 368.2740783691406], [3971.923583984375, 4442.75341796875, 369.7160339355469], [3971.92333984375, 4442.7548828125, 368.2740783691406]], 'semantic_tags': [14], 'type_id': 'vehicle.mercedes.coupe_2020', 'color': '187,187,187', 'base_type': 'car', 'num_points': 125, 'distance': 15.402599443852386, 'speed': -2.275430536115706e-05, 'brake': 0.0, 'light_state': 'NONE', 'road_id': 885, 'lane_id': -2, 'section_id': 0, 'world2vehicle': [[-0.1570088267326355, 0.9875967502593994, 0.000896572892088443, -3766.692626953125], [-0.9875971674919128, -0.15700888633728027, -5.387206329032779e-06, 4619.30810546875], [0.00013544951798394322, -0.0008862986578606069, 0.9999995827674866, -364.87493896484375], [0.0, 0.0, 0.0, 1.0]], 'position': (-14.999406196510336, -3.500178321633939, -0.002000466688361513), 'yaw': 1.7284554633275875, 'color_rgb': None, 'color_name': None, 'lane_type': carla.libcarla.LaneType.Driving, 'lane_type_str': 'Driving', 'is_in_junction': False, 'junction_id': -1, 'distance_to_junction': 131.0003204345703, 'next_junction_id': 19816, 'next_road_ids': [19820], 'next_next_road_ids': [886], 'same_road_as_ego': True, 'same_direction_as_ego': True, 'lane_relative_to_ego': -1, 'steer': 0.06493484904290531, 'vehicle_cuts_in': False}
[debug] visibility: False
{'class': 'vehicle', 'state': 'dynamic', 'id': '56797', 'location': [3965.951416015625, 4474.55078125, 368.3005065917969], 'rotation': [0.1245894730091095, 0.0014050345635041595, 99.03335571289062], 'bbx_loc': [5.3451061830855906e-05, 0.0017945801373571157, 0.7014856338500977], 'center': [3965.949951171875, 4474.548828125, 369.0019836425781], 'extent': [2.6787397861480713, 1.0166014432907104, 0.7053293585777283], 'world_cord': [[3964.525390625, 4477.033203125, 369.7131042480469], [3964.525146484375, 4477.03662109375, 368.3024597167969], [3966.533447265625, 4477.3525390625, 369.7131652832031], [3966.532958984375, 4477.35546875, 368.3025207519531], [3965.36669921875, 4471.7421875, 369.70147705078125], [3965.3662109375, 4471.74560546875, 368.2908020019531], [3967.374755859375, 4472.0615234375, 369.7015075683594], [3967.374267578125, 4472.064453125, 368.2908630371094]], 'semantic_tags': [14], 'type_id': 'vehicle.chevrolet.impala', 'color': '0,12,49', 'base_type': 'car', 'num_points': 126, 'distance': 15.403209215964448, 'speed': 5.527157793776814e-07, 'brake': 0.0, 'light_state': 'NONE', 'road_id': 885, 'lane_id': -2, 'section_id': 0, 'world2vehicle': [[-0.15700910985469818, 0.987594723701477, 0.0021744947880506516, -3797.1533203125], [-0.9875971078872681, -0.15700942277908325, -2.4522420062567107e-05, 4619.3173828125], [0.00031719799153506756, -0.0021513751707971096, 0.999997615814209, -359.9311828613281], [0.0, 0.0, 0.0, 1.0]], 'position': (15.000567301216961, -3.5004179957340966, -0.013239246021587547), 'yaw': 1.7284554633275875, 'color_rgb': None, 'color_name': None, 'lane_type': carla.libcarla.LaneType.Driving, 'lane_type_str': 'Driving', 'is_in_junction': False, 'junction_id': -1, 'distance_to_junction': 101.00028228759766, 'next_junction_id': 19816, 'next_road_ids': [19820], 'next_next_road_ids': [886], 'same_road_as_ego': True, 'same_direction_as_ego': True, 'lane_relative_to_ego': -1, 'steer': 0.05025252766694195, 'vehicle_cuts_in': False}
[debug] visibility: True
{'class': 'vehicle', 'state': 'dynamic', 'id': '56796', 'location': [3963.59619140625, 4489.36474609375, 368.3526916503906], 'rotation': [0.1526957005262375, 6.670130225927551e-09, 99.03331756591797], 'bbx_loc': [-0.005344833713024855, 1.828074459808704e-06, 0.7655647397041321], 'center': [3963.597412109375, 4489.357421875, 369.11822509765625], 'extent': [2.5039126873016357, 0.9408109784126282, 0.7673624753952026], 'world_cord': [[3962.275390625, 4491.6806640625, 369.89227294921875], [3962.274658203125, 4491.6845703125, 368.3575439453125], [3964.1337890625, 4491.97607421875, 369.89227294921875], [3964.133056640625, 4491.97998046875, 368.3575439453125], [3963.061767578125, 4486.73486328125, 369.8789367675781], [3963.06103515625, 4486.73876953125, 368.3442077636719], [3964.919921875, 4487.0302734375, 369.8789367675781], [3964.919189453125, 4487.0341796875, 368.3442077636719]], 'semantic_tags': [14], 'type_id': 'vehicle.dodge.charger_2020', 'color': '211,142,0', 'base_type': 'car', 'num_points': 19, 'distance': 30.203763353140932, 'speed': -2.7374221013584928e-05, 'brake': 0.0, 'light_state': 'NONE', 'road_id': 885, 'lane_id': -2, 'section_id': 0, 'world2vehicle': [[-0.15700820088386536, 0.9875937104225159, 0.002665039384737611, -3812.3330078125], [-0.9875972270965576, -0.15700876712799072, -1.1641532182693481e-10, 4619.30615234375], [0.00041843444341793656, -0.002631985582411289, 0.9999964237213135, -358.1939392089844], [0.0, 0.0, 0.0, 1.0]], 'position': (30.00063936633933, -3.500296526782222, 0.02147027154872916), 'yaw': 1.7284554633275875, 'color_rgb': None, 'color_name': None, 'lane_type': carla.libcarla.LaneType.Driving, 'lane_type_str': 'Driving', 'is_in_junction': False, 'junction_id': -1, 'distance_to_junction': 86.000244140625, 'next_junction_id': 19816, 'next_road_ids': [19820], 'next_next_road_ids': [886], 'same_road_as_ego': True, 'same_direction_as_ego': True, 'lane_relative_to_ego': -1, 'steer': 0.0571009969441772, 'vehicle_cuts_in': False}
[debug] visibility: True
{'class': 'vehicle', 'state': 'dynamic', 'id': '56761', 'location': [3951.638671875, 4528.95751953125, 368.491943359375], 'rotation': [0.012444604188203812, -5.611727714538574, 99.03253936767578], 'bbx_loc': [-0.0026168259792029858, -3.361463313922286e-05, 0.720352053642273], 'center': [3951.708740234375, 4528.9658203125, 369.2088317871094], 'extent': [2.3368194103240967, 0.9059062600135803, 0.7209736704826355], 'world_cord': [[3950.52099609375, 4531.14306640625, 370.01544189453125], [3950.3818359375, 4531.12109375, 368.5804138183594], [3952.3017578125, 4531.42626953125, 369.8382873535156], [3952.16259765625, 4531.404296875, 368.4032287597656], [3951.2548828125, 4526.52734375, 370.0144348144531], [3951.115478515625, 4526.50537109375, 368.57940673828125], [3953.03564453125, 4526.810546875, 369.8372497558594], [3952.896240234375, 4526.78857421875, 368.4022216796875]], 'semantic_tags': [14], 'type_id': 'vehicle.mercedes.coupe_2020', 'color': '187,187,187', 'base_type': 'car', 'num_points': 1, 'distance': 71.01027447317543, 'speed': 0.0, 'brake': 0.0, 'light_state': 'NONE', 'road_id': 885, 'lane_id': -3, 'section_id': 0, 'world2vehicle': [[-0.15699535608291626, 0.9875993132591248, 0.0002171993110096082, -3852.486572265625], [-0.9828628301620483, -0.15626393258571625, 0.09778661280870438, 4555.59765625], [0.09660793095827103, 0.015138566493988037, 0.9952074289321899, -817.0474853515625], [0.0, 0.0, 0.0, 1.0]], 'position': (70.97991097549948, 2.0925873488740763, 0.11295306909997294), 'yaw': 1.7284554633275875, 'color_rgb': None, 'color_name': None, 'lane_type': carla.libcarla.LaneType.Shoulder, 'lane_type_str': 'Shoulder', 'is_in_junction': False, 'junction_id': -1, 'distance_to_junction': 45.00002670288086, 'next_junction_id': 19816, 'next_road_ids': [19820], 'next_next_road_ids': [886], 'same_road_as_ego': True, 'same_direction_as_ego': True, 'lane_relative_to_ego': 1, 'steer': 0.0, 'vehicle_cuts_in': False}
[debug] visibility: True
[debug] relevant_objects = []
[debug] 2
[debug] scenario_name = VehicleOpensDoorTwoWays
[debug] 3
[debug] in second branch, relevant_objects = []
[debug] path = ../../../Bench2Drive-rep/VehicleOpensDoorTwoWays_Town12_Route1196_Weather0/anno/00010.json.gz
[debug] all vehicles in dictionary:
{'class': 'vehicle', 'state': 'dynamic', 'id': '56801', 'location': [3967.141845703125, 4444.740234375, 368.2752990722656], 'rotation': [0.08010445535182953, -0.0006103486521169543, 99.13359069824219], 'bbx_loc': [-0.0003715988132171333, -9.832531304709846e-07, 0.6926568746566772], 'center': [3967.14208984375, 4444.73876953125, 368.96795654296875], 'extent': [2.0906050205230713, 0.9970585703849792, 0.6926480531692505], 'world_cord': [[3965.825927734375, 4446.6435546875, 369.6635437011719], [3965.82568359375, 4446.6455078125, 368.2782287597656], [3967.794677734375, 4446.96044921875, 369.66351318359375], [3967.79443359375, 4446.96240234375, 368.2782287597656], [3966.48974609375, 4442.515625, 369.6576843261719], [3966.4892578125, 4442.517578125, 368.27239990234375], [3968.45849609375, 4442.83203125, 369.65765380859375], [3968.458251953125, 4442.833984375, 368.2723693847656]], 'semantic_tags': [14], 'type_id': 'vehicle.audi.tt', 'color': '33,33,33', 'base_type': 'car', 'num_points': 105, 'distance': 15.430894251122213, 'speed': 1.366481165077401, 'brake': 0.0, 'light_state': 'NONE', 'road_id': 885, 'lane_id': -3, 'section_id': 0, 'world2vehicle': [[-0.15873678028583527, 0.9873199462890625, 0.0013980859657749534, -3759.164306640625], [-0.9873208999633789, -0.1587369441986084, 1.0652583114278968e-05, 4622.3828125], [0.00023244539625011384, -0.0013786685885861516, 0.9999990463256836, -363.0692443847656], [0.0, 0.0, 0.0, 1.0]], 'position': (-15.429929190800067, 0.015475537336897105, 0.13971323877743203), 'yaw': 1.7291361673022116, 'color_rgb': None, 'color_name': None, 'lane_type': carla.libcarla.LaneType.Driving, 'lane_type_str': 'Driving', 'is_in_junction': False, 'junction_id': -1, 'distance_to_junction': 130.99986267089844, 'next_junction_id': 19816, 'next_road_ids': [19820], 'next_next_road_ids': [886], 'same_road_as_ego': True, 'same_direction_as_ego': True, 'lane_relative_to_ego': 0, 'steer': 0.04200150912491516, 'vehicle_cuts_in': False}
[debug] visibility: False
{'class': 'vehicle', 'state': 'dynamic', 'id': '56800', 'location': [3962.424072265625, 4474.42578125, 368.32421875], 'rotation': [0.3063066601753235, -0.0057373205199837685, 99.10633087158203], 'bbx_loc': [-0.0026058789808303118, 8.334517588082235e-06, 0.72035813331604], 'center': [3962.425048828125, 4474.41943359375, 369.0445556640625], 'extent': [2.3368194103240967, 0.9059062600135803, 0.7209736704826355], 'world_cord': [[3961.16162109375, 4476.57958984375, 369.7781066894531], [3961.16015625, 4476.58740234375, 368.336181640625], [3962.950439453125, 4476.8662109375, 369.7779235839844], [3962.94921875, 4476.8740234375, 368.33599853515625], [3961.901123046875, 4471.96484375, 369.75311279296875], [3961.89990234375, 4471.97265625, 368.3111877441406], [3963.690185546875, 4472.25146484375, 369.7529296875], [3963.688720703125, 4472.25927734375, 368.3110046386719]], 'semantic_tags': [14], 'type_id': 'vehicle.mercedes.coupe_2020', 'color': '73,0,0', 'base_type': 'car', 'num_points': 97, 'distance': 14.62720178063461, 'speed': 2.0871680644040023, 'brake': 0.0, 'light_state': 'NONE', 'road_id': 885, 'lane_id': -3, 'section_id': 0, 'world2vehicle': [[-0.1582649201154709, 0.987382173538208, 0.005346034187823534, -3792.824462890625], [-0.987396240234375, -0.15826770663261414, 0.00010013370047090575, 4620.6025390625], [0.0009449748322367668, -0.0052628060802817345, 0.9999856948852539, -348.5152893066406], [0.0, 0.0, 0.0, 1.0]], 'position': (14.627049814906059, -0.00657565615074418, -0.12288247024511634), 'yaw': 1.7291361673022116, 'color_rgb': None, 'color_name': None, 'lane_type': carla.libcarla.LaneType.Driving, 'lane_type_str': 'Driving', 'is_in_junction': False, 'junction_id': -1, 'distance_to_junction': 101.00028228759766, 'next_junction_id': 19816, 'next_road_ids': [19820], 'next_next_road_ids': [886], 'same_road_as_ego': True, 'same_direction_as_ego': True, 'lane_relative_to_ego': 0, 'steer': 0.04288996759043905, 'vehicle_cuts_in': False}
[debug] visibility: True
{'class': 'vehicle', 'state': 'dynamic', 'id': '56799', 'location': [3960.076904296875, 4489.18896484375, 368.35400390625], 'rotation': [0.5265119075775146, -0.00976563524454832, 99.18189239501953], 'bbx_loc': [-0.006303182803094387, -1.1421441740822047e-05, 0.748848557472229], 'center': [3960.0791015625, 4489.17578125, 369.1027526855469], 'extent': [2.44619083404541, 0.9183566570281982, 0.7451388239860535], 'world_cord': [[3958.783447265625, 4491.4375, 369.8705139160156], [3958.781005859375, 4491.45068359375, 368.3802795410156], [3960.5966796875, 4491.73046875, 369.87017822265625], [3960.59423828125, 4491.744140625, 368.3799743652344], [3959.564208984375, 4486.60791015625, 369.8255615234375], [3959.561767578125, 4486.62158203125, 368.3353271484375], [3961.377197265625, 4486.90087890625, 369.8252258300781], [3961.374755859375, 4486.91455078125, 368.33502197265625]], 'semantic_tags': [14], 'type_id': 'vehicle.lincoln.mkz_2020', 'color': '0,0,0', 'base_type': 'car', 'num_points': 0, 'distance': 29.575806497144445, 'speed': 1.7420056720009562, 'brake': 0.0, 'light_state': 'NONE', 'road_id': 885, 'lane_id': -3, 'section_id': 0, 'world2vehicle': [[-0.15956249833106995, 0.9871450662612915, 0.009189236909151077, -3802.986083984375], [-0.9871864914894104, -0.15957078337669373, 0.00017043530533555895, 4625.61474609375], [0.0016345781041309237, -0.00904429517686367, 0.999957799911499, -334.2099609375], [0.0, 0.0, 0.0, 1.0]], 'position': (29.575156820908887, -0.016623275880192523, -0.24802168955332604), 'yaw': 1.7291361673022116, 'color_rgb': None, 'color_name': None, 'lane_type': carla.libcarla.LaneType.Driving, 'lane_type_str': 'Driving', 'is_in_junction': False, 'junction_id': -1, 'distance_to_junction': 86.000244140625, 'next_junction_id': 19816, 'next_road_ids': [19820], 'next_next_road_ids': [886], 'same_road_as_ego': True, 'same_direction_as_ego': True, 'lane_relative_to_ego': 0, 'steer': 0.03795482976026822, 'vehicle_cuts_in': False}
[debug] visibility: True
{'class': 'vehicle', 'state': 'dynamic', 'id': '56798', 'location': [3970.592529296875, 4445.33447265625, 368.2854309082031], 'rotation': [0.22894109785556793, -0.004760746378451586, 99.18862915039062], 'bbx_loc': [-0.0026071907486766577, -3.7173627788433805e-05, 0.7203541398048401], 'center': [3970.593505859375, 4445.3291015625, 369.0057678222656], 'extent': [2.3368194103240967, 0.9059062600135803, 0.7209736704826355], 'world_cord': [[3969.32666015625, 4447.48828125, 369.73614501953125], [3969.325439453125, 4447.494140625, 368.2942199707031], [3971.115234375, 4447.77783203125, 369.7359924316406], [3971.114013671875, 4447.783203125, 368.2940673828125], [3970.072998046875, 4442.875, 369.71746826171875], [3970.07177734375, 4442.88037109375, 368.2755432128906], [3971.861572265625, 4443.1640625, 369.7173156738281], [3971.8603515625, 4443.169921875, 368.275390625]], 'semantic_tags': [14], 'type_id': 'vehicle.mercedes.coupe_2020', 'color': '187,187,187', 'base_type': 'car', 'num_points': 120, 'distance': 15.778122433371136, 'speed': 2.0188689777207, 'brake': 0.0, 'light_state': 'NONE', 'road_id': 885, 'lane_id': -2, 'section_id': 0, 'world2vehicle': [[-0.1596839874982834, 0.9871600866317749, 0.003995765000581741, -3755.6884765625], [-0.9871678948402405, -0.15968559682369232, 8.30900389701128e-05, 4629.46630859375], [0.0007200893014669418, -0.0039312224835157394, 0.9999920129776001, -353.66607666015625], [0.0, 0.0, 0.0, 1.0]], 'position': (-15.387122154636018, -3.48573959091118, 0.14967795107847337), 'yaw': 1.7291361673022116, 'color_rgb': None, 'color_name': None, 'lane_type': carla.libcarla.LaneType.Driving, 'lane_type_str': 'Driving', 'is_in_junction': False, 'junction_id': -1, 'distance_to_junction': 131.00035095214844, 'next_junction_id': 19816, 'next_road_ids': [19820], 'next_next_road_ids': [886], 'same_road_as_ego': True, 'same_direction_as_ego': True, 'lane_relative_to_ego': -1, 'steer': 0.03746720358722273, 'vehicle_cuts_in': False}
[debug] visibility: False
{'class': 'vehicle', 'state': 'dynamic', 'id': '56797', 'location': [3965.932373046875, 4474.66357421875, 368.31744384765625], 'rotation': [0.15236102044582367, 0.0003823918814305216, 99.066650390625], 'bbx_loc': [5.3451061830855906e-05, 0.0017945801373571157, 0.7014856338500977], 'center': [3965.930908203125, 4474.66162109375, 369.0189208984375], 'extent': [2.6787397861480713, 1.0166014432907104, 0.7053293585777283], 'world_cord': [[3964.505126953125, 4477.14453125, 369.73138427734375], [3964.504638671875, 4477.1484375, 368.3207092285156], [3966.512939453125, 4477.46533203125, 369.73138427734375], [3966.512451171875, 4477.46875, 368.32073974609375], [3965.349365234375, 4471.85400390625, 369.7171325683594], [3965.348876953125, 4471.85791015625, 368.30645751953125], [3967.357177734375, 4472.1748046875, 369.7171325683594], [3967.356689453125, 4472.17822265625, 368.3064880371094]], 'semantic_tags': [14], 'type_id': 'vehicle.chevrolet.impala', 'color': '0,12,49', 'base_type': 'car', 'num_points': 137, 'distance': 14.732774319883987, 'speed': 1.0284486046048364, 'brake': 0.0, 'light_state': 'NONE', 'road_id': 885, 'lane_id': -2, 'section_id': 0, 'world2vehicle': [[-0.15758271515369415, 0.9875022172927856, 0.002659198362380266, -3794.75732421875], [-0.9875056743621826, -0.15758325159549713, -6.673973530268995e-06, 4621.51513671875], [0.0004124545375816524, -0.0026270251255482435, 0.9999964833259583, -358.1968688964844], [0.0, 0.0, 0.0, 1.0]], 'position': (14.30862968134852, -3.5084843117028868, -0.12608148048732915), 'yaw': 1.7291361673022116, 'color_rgb': None, 'color_name': None, 'lane_type': carla.libcarla.LaneType.Driving, 'lane_type_str': 'Driving', 'is_in_junction': False, 'junction_id': -1, 'distance_to_junction': 101.00028228759766, 'next_junction_id': 19816, 'next_road_ids': [19820], 'next_next_road_ids': [886], 'same_road_as_ego': True, 'same_direction_as_ego': True, 'lane_relative_to_ego': -1, 'steer': 0.03157023421538387, 'vehicle_cuts_in': False}
[debug] visibility: True
{'class': 'vehicle', 'state': 'dynamic', 'id': '56796', 'location': [3963.51513671875, 4489.845703125, 368.36187744140625], 'rotation': [0.42851921916007996, -0.008209235966205597, 99.19291687011719], 'bbx_loc': [-0.005344833713024855, 1.828074459808704e-06, 0.7655647397041321], 'center': [3963.51708984375, 4489.8349609375, 369.12738037109375], 'extent': [2.5039126873016357, 0.9408109784126282, 0.7673624753952026], 'world_cord': [[3962.189208984375, 4492.150390625, 369.91357421875], [3962.187255859375, 4492.16162109375, 368.37890625], [3964.046630859375, 4492.451171875, 369.9132995605469], [3964.044677734375, 4492.46240234375, 368.3786315917969], [3962.9892578125, 4487.20703125, 369.8761291503906], [3962.9873046875, 4487.21826171875, 368.3414611816406], [3964.8466796875, 4487.5078125, 369.8758544921875], [3964.8447265625, 4487.51904296875, 368.3411865234375]], 'semantic_tags': [14], 'type_id': 'vehicle.dodge.charger_2020', 'color': '211,142,0', 'base_type': 'car', 'num_points': 30, 'distance': 29.889675258896517, 'speed': 2.3741109578063253, 'brake': 0.0, 'light_state': 'NONE', 'road_id': 885, 'lane_id': -2, 'section_id': 0, 'world2vehicle': [[-0.1597547084093094, 0.9871284365653992, 0.007479001302272081, -3801.618896484375], [-0.9871558547019958, -0.1597602367401123, 0.0001432741992175579, 4629.853515625], [0.0013362771132960916, -0.0073600513860583305, 0.9999720454216003, -340.6024475097656], [0.0, 0.0, 0.0, 1.0]], 'position': (29.681618470727244, -3.515398157065647, -0.24097532764864127), 'yaw': 1.7291361673022116, 'color_rgb': None, 'color_name': None, 'lane_type': carla.libcarla.LaneType.Driving, 'lane_type_str': 'Driving', 'is_in_junction': False, 'junction_id': -1, 'distance_to_junction': 86.00027465820312, 'next_junction_id': 19816, 'next_road_ids': [19820], 'next_next_road_ids': [886], 'same_road_as_ego': True, 'same_direction_as_ego': True, 'lane_relative_to_ego': -1, 'steer': 0.03310667457753238, 'vehicle_cuts_in': False}
[debug] visibility: True
{'class': 'vehicle', 'state': 'dynamic', 'id': '56761', 'location': [3951.638671875, 4528.95751953125, 368.491943359375], 'rotation': [0.012444604188203812, -5.611727714538574, 99.03253936767578], 'bbx_loc': [-0.0026168259792029858, -3.361463313922286e-05, 0.720352053642273], 'center': [3951.708740234375, 4528.9658203125, 369.2088317871094], 'extent': [2.3368194103240967, 0.9059062600135803, 0.7209736704826355], 'world_cord': [[3950.52099609375, 4531.14306640625, 370.01544189453125], [3950.3818359375, 4531.12109375, 368.5804138183594], [3952.3017578125, 4531.42626953125, 369.8382873535156], [3952.16259765625, 4531.404296875, 368.4032287597656], [3951.2548828125, 4526.52734375, 370.0144348144531], [3951.115478515625, 4526.50537109375, 368.57940673828125], [3953.03564453125, 4526.810546875, 369.8372497558594], [3952.896240234375, 4526.78857421875, 368.4022216796875]], 'semantic_tags': [14], 'type_id': 'vehicle.mercedes.coupe_2020', 'color': '187,187,187', 'base_type': 'car', 'num_points': 3, 'distance': 70.20719149214732, 'speed': 0.0, 'brake': 0.0, 'light_state': 'NONE', 'road_id': 885, 'lane_id': -3, 'section_id': 0, 'world2vehicle': [[-0.15699535608291626, 0.9875993132591248, 0.0002171993110096082, -3852.486572265625], [-0.9828628301620483, -0.15626393258571625, 0.09778661280870438, 4555.59765625], [0.09660793095827103, 0.015138566493988037, 0.9952074289321899, -817.0474853515625], [0.0, 0.0, 0.0, 1.0]], 'position': (70.1760037714721, 2.045363225789515, -0.5310370066551968), 'yaw': 1.7291361673022116, 'color_rgb': None, 'color_name': None, 'lane_type': carla.libcarla.LaneType.Shoulder, 'lane_type_str': 'Shoulder', 'is_in_junction': False, 'junction_id': -1, 'distance_to_junction': 45.00002670288086, 'next_junction_id': 19816, 'next_road_ids': [19820], 'next_next_road_ids': [886], 'same_road_as_ego': True, 'same_direction_as_ego': True, 'lane_relative_to_ego': 1, 'steer': 0.0, 'vehicle_cuts_in': False}
[debug] visibility: True
[debug] relevant_objects = []
[debug] 2
[debug] scenario_name = VehicleOpensDoorTwoWays
[debug] 3
[debug] in second branch, relevant_objects = []
[debug] path = ../../../Bench2Drive-rep/VehicleOpensDoorTwoWays_Town12_Route1196_Weather0/anno/00015.json.gz
[debug] all vehicles in dictionary:
{'class': 'vehicle', 'state': 'dynamic', 'id': '56801', 'location': [3966.929931640625, 4445.9853515625, 368.2760925292969], 'rotation': [0.1468285620212555, -0.00094604428159073, 99.43753814697266], 'bbx_loc': [-0.0003715988132171333, -9.832531304709846e-07, 0.6926568746566772], 'center': [3966.93017578125, 4445.9833984375, 368.96875], 'extent': [2.0906050205230713, 0.9970585703849792, 0.6926480531692505], 'world_cord': [[3965.604248046875, 4447.88037109375, 369.6667785644531], [3965.603515625, 4447.8837890625, 368.2814636230469], [3967.5712890625, 4448.20751953125, 369.666748046875], [3967.57080078125, 4448.2109375, 368.28143310546875], [3966.289794921875, 4443.755859375, 369.6560363769531], [3966.289306640625, 4443.75927734375, 368.270751953125], [3968.257080078125, 4444.08251953125, 369.656005859375], [3968.25634765625, 4444.0859375, 368.2707214355469]], 'semantic_tags': [14], 'type_id': 'vehicle.audi.tt', 'color': '33,33,33', 'base_type': 'car', 'num_points': 88, 'distance': 16.374750222783582, 'speed': 3.822683379965322, 'brake': 0.0, 'light_state': 'NONE', 'road_id': 885, 'lane_id': -3, 'section_id': 0, 'world2vehicle': [[-0.1639716923236847, 0.9864617586135864, 0.002562639070674777, -3736.27392578125], [-0.9864649772644043, -0.16397227346897125, 1.6511532521690242e-05, 4642.25], [0.00043648973223753273, -0.002525246236473322, 0.9999967217445374, -358.7791748046875], [0.0, 0.0, 0.0, 1.0]], 'position': (-16.37362037161529, 0.033390247546776664, 0.17226743953642654), 'yaw': 1.7294574776877298, 'color_rgb': None, 'color_name': None, 'lane_type': carla.libcarla.LaneType.Driving, 'lane_type_str': 'Driving', 'is_in_junction': False, 'junction_id': -1, 'distance_to_junction': 130.0001220703125, 'next_junction_id': 19816, 'next_road_ids': [19820], 'next_next_road_ids': [886], 'same_road_as_ego': True, 'same_direction_as_ego': True, 'lane_relative_to_ego': 0, 'steer': 0.0011076098794634852, 'vehicle_cuts_in': False}
[debug] visibility: False
{'class': 'vehicle', 'state': 'dynamic', 'id': '56800', 'location': [3962.14306640625, 4476.0791015625, 368.32806396484375], 'rotation': [0.3512629568576813, -0.005493162199854851, 99.51844787597656], 'bbx_loc': [-0.0026058789808303118, 8.334517588082235e-06, 0.72035813331604], 'center': [3962.144287109375, 4476.072265625, 369.04840087890625], 'extent': [2.3368194103240967, 0.9059062600135803, 0.7209736704826355], 'world_cord': [[3960.865234375, 4478.22265625, 369.78375244140625], [3960.863525390625, 4478.2314453125, 368.34185791015625], [3962.652099609375, 4478.5224609375, 369.7835998535156], [3962.650390625, 4478.53076171875, 368.3416748046875], [3961.63818359375, 4473.61328125, 369.755126953125], [3961.636474609375, 4473.6220703125, 368.3132019042969], [3963.425048828125, 4473.9130859375, 369.75494384765625], [3963.42333984375, 4473.921875, 368.3130187988281]], 'semantic_tags': [14], 'type_id': 'vehicle.mercedes.coupe_2020', 'color': '73,0,0', 'base_type': 'car', 'num_points': 126, 'distance': 14.09735539412066, 'speed': 4.772782213429518, 'brake': 0.0, 'light_state': 'NONE', 'road_id': 885, 'lane_id': -3, 'section_id': 0, 'world2vehicle': [[-0.16536200046539307, 0.9862138628959656, 0.006130656693130732, -3761.441162109375], [-0.9862322807312012, -0.16536568105220795, 9.587196836946532e-05, 4647.748046875], [0.0011083504650741816, -0.006030397955328226, 0.9999812245368958, -345.72003173828125], [0.0, 0.0, 0.0, 1.0]], 'position': (14.096926777160206, 0.005417981917162251, -0.13687842174567777), 'yaw': 1.7294574776877298, 'color_rgb': None, 'color_name': None, 'lane_type': carla.libcarla.LaneType.Driving, 'lane_type_str': 'Driving', 'is_in_junction': False, 'junction_id': -1, 'distance_to_junction': 98.9999008178711, 'next_junction_id': 19816, 'next_road_ids': [19820], 'next_next_road_ids': [886], 'same_road_as_ego': True, 'same_direction_as_ego': True, 'lane_relative_to_ego': 0, 'steer': -0.0011948354853545064, 'vehicle_cuts_in': False}
[debug] visibility: True
{'class': 'vehicle', 'state': 'dynamic', 'id': '56799', 'location': [3959.83984375, 4490.5810546875, 368.3586120605469], 'rotation': [0.7076417207717896, -0.013275111094117165, 99.48898315429688], 'bbx_loc': [-0.006303182803094387, -1.1421441740822047e-05, 0.748848557472229], 'center': [3959.842529296875, 4490.56591796875, 369.1073303222656], 'extent': [2.44619083404541, 0.9183566570281982, 0.7451388239860535], 'world_cord': [[3958.53515625, 4492.81787109375, 369.8828430175781], [3958.531982421875, 4492.8359375, 368.3926696777344], [3960.346923828125, 4493.12060546875, 369.8824157714844], [3960.343505859375, 4493.138671875, 368.3922424316406], [3959.341796875, 4487.99267578125, 369.8224182128906], [3959.33837890625, 4488.0107421875, 368.3322448730469], [3961.1533203125, 4488.29541015625, 369.8219909667969], [3961.14990234375, 4488.3134765625, 368.3318176269531]], 'semantic_tags': [14], 'type_id': 'vehicle.lincoln.mkz_2020', 'color': '0,0,0', 'base_type': 'car', 'num_points': 0, 'distance': 28.781061638869105, 'speed': 4.1089419001956164, 'brake': 0.0, 'light_state': 'NONE', 'road_id': 885, 'lane_id': -3, 'section_id': 0, 'world2vehicle': [[-0.1648453176021576, 0.9862421154975891, 0.012350363656878471, -3780.588623046875], [-0.9863168597221375, -0.16486071050167084, 0.00023167672043200582, 4645.8916015625], [0.0022645790595561266, -0.012143181636929512, 0.9999237060546875, -322.7679443359375], [0.0, 0.0, 0.0, 1.0]], 'position': (28.779962860780415, -0.011549001683306415, -0.28034370410023257), 'yaw': 1.7294574776877298, 'color_rgb': None, 'color_name': None, 'lane_type': carla.libcarla.LaneType.Driving, 'lane_type_str': 'Driving', 'is_in_junction': False, 'junction_id': -1, 'distance_to_junction': 85.00004577636719, 'next_junction_id': 19816, 'next_road_ids': [19820], 'next_next_road_ids': [886], 'same_road_as_ego': True, 'same_direction_as_ego': True, 'lane_relative_to_ego': 0, 'steer': 0.004683378132494024, 'vehicle_cuts_in': False}
[debug] visibility: True
{'class': 'vehicle', 'state': 'dynamic', 'id': '56798', 'location': [3970.30859375, 4447.0029296875, 368.2872314453125], 'rotation': [0.282592236995697, -0.004547120071947575, 99.55194854736328], 'bbx_loc': [-0.0026071907486766577, -3.7173627788433805e-05, 0.7203541398048401], 'center': [3970.309814453125, 4446.9970703125, 369.007568359375], 'extent': [2.3368194103240967, 0.9059062600135803, 0.7209736704826355], 'world_cord': [[3969.029296875, 4449.1474609375, 369.7401123046875], [3969.02783203125, 4449.154296875, 368.2981872558594], [3970.81591796875, 4449.4482421875, 369.739990234375], [3970.814697265625, 4449.455078125, 368.2980651855469], [3969.8046875, 4444.53857421875, 369.7170715332031], [3969.803466796875, 4444.54541015625, 368.275146484375], [3971.591552734375, 4444.83935546875, 369.7169189453125], [3971.590087890625, 4444.84619140625, 368.2749938964844]], 'semantic_tags': [14], 'type_id': 'vehicle.mercedes.coupe_2020', 'color': '187,187,187', 'base_type': 'car', 'num_points': 112, 'distance': 16.276533994222184, 'speed': 4.826913374622474, 'brake': 0.0, 'light_state': 'NONE', 'road_id': 885, 'lane_id': -2, 'section_id': 0, 'world2vehicle': [[-0.16593973338603973, 0.9861235618591309, 0.004932145122438669, -3728.27880859375], [-0.9861354827880859, -0.16594213247299194, 7.936124893603846e-05, 4653.17822265625], [0.0008967106696218252, -0.004850594326853752, 0.9999878406524658, -350.2723693847656], [0.0, 0.0, 0.0, 1.0]], 'position': (-15.902540671631414, -3.4636082686092777, 0.17794520288225613), 'yaw': 1.7294574776877298, 'color_rgb': None, 'color_name': None, 'lane_type': carla.libcarla.LaneType.Driving, 'lane_type_str': 'Driving', 'is_in_junction': False, 'junction_id': -1, 'distance_to_junction': 128.99998474121094, 'next_junction_id': 19816, 'next_road_ids': [19820], 'next_next_road_ids': [886], 'same_road_as_ego': True, 'same_direction_as_ego': True, 'lane_relative_to_ego': -1, 'steer': -0.007407303148245387, 'vehicle_cuts_in': False}
[debug] visibility: False
