[debug] path = ../../../Bench2Drive-rep/OppositeVehicleRunningRedLight_Town03_Route119_Weather12/anno/00000.json.gz
[debug] [2] relevant_objects = []
[debug] scenario_name = OppositeVehicleRunningRedLight
[debug] [3] relevant_objects = []
[debug] in second branch, relevant_objects = []
[debug] path = ../../../Bench2Drive-rep/OppositeVehicleRunningRedLight_Town03_Route119_Weather12/anno/00005.json.gz
[debug] [2] relevant_objects = []
[debug] scenario_name = OppositeVehicleRunningRedLight
[debug] [3] relevant_objects = []
[debug] in second branch, relevant_objects = []
[debug] path = ../../../Bench2Drive-rep/OppositeVehicleRunningRedLight_Town03_Route119_Weather12/anno/00010.json.gz
[debug] [2] relevant_objects = []
[debug] scenario_name = OppositeVehicleRunningRedLight
[debug] [3] relevant_objects = []
[debug] in second branch, relevant_objects = []
[debug] path = ../../../Bench2Drive-rep/OppositeVehicleRunningRedLight_Town03_Route119_Weather12/anno/00015.json.gz
[debug] [2] relevant_objects = []
[debug] scenario_name = OppositeVehicleRunningRedLight
[debug] [3] relevant_objects = []
[debug] in second branch, relevant_objects = []
[debug] path = ../../../Bench2Drive-rep/OppositeVehicleRunningRedLight_Town03_Route119_Weather12/anno/00020.json.gz
[debug] [2] relevant_objects = []
[debug] scenario_name = OppositeVehicleRunningRedLight
[debug] [3] relevant_objects = []
[debug] in second branch, relevant_objects = []
[debug] path = ../../../Bench2Drive-rep/OppositeVehicleRunningRedLight_Town03_Route119_Weather12/anno/00025.json.gz
[debug] [2] relevant_objects = []
[debug] scenario_name = OppositeVehicleRunningRedLight
[debug] [3] relevant_objects = []
[debug] in second branch, relevant_objects = []
[debug] path = ../../../Bench2Drive-rep/OppositeVehicleRunningRedLight_Town03_Route119_Weather12/anno/00030.json.gz
[debug] [2] relevant_objects = []
[debug] scenario_name = OppositeVehicleRunningRedLight
[debug] [3] relevant_objects = []
[debug] in second branch, relevant_objects = []
[debug] path = ../../../Bench2Drive-rep/OppositeVehicleRunningRedLight_Town03_Route119_Weather12/anno/00035.json.gz
[debug] [2] relevant_objects = []
[debug] scenario_name = OppositeVehicleRunningRedLight
[debug] [3] relevant_objects = []
[debug] in second branch, relevant_objects = []
[debug] path = ../../../Bench2Drive-rep/OppositeVehicleRunningRedLight_Town03_Route119_Weather12/anno/00040.json.gz
[debug] [2] relevant_objects = []
[debug] scenario_name = OppositeVehicleRunningRedLight
[debug] [3] relevant_objects = []
[debug] in second branch, relevant_objects = []
[debug] path = ../../../Bench2Drive-rep/OppositeVehicleRunningRedLight_Town03_Route119_Weather12/anno/00045.json.gz
[debug] 1
[debug] [2] relevant_objects = [{'class': 'vehicle', 'state': 'dynamic', 'id': '839', 'location': [9.856815338134766, -135.14508056640625, -3.154754449496977e-05], 'rotation': [-0.002868679352104664, 0.005122142378240824, -88.58648681640625], 'bbx_loc': [0.10949620604515076, 2.384185791015625e-07, 0.8174071311950684], 'center': [9.859590530395508, -135.25457763671875, 0.8173701167106628], 'extent': [2.6187572479248047, 0.9648797512054443, 0.819191575050354], 'world_cord': [[10.888850212097168, -137.84878540039062, 1.636344313621521], [10.888702392578125, -137.8487091064453, -0.0020388478878885508], [8.959677696228027, -137.89637756347656, 1.636516809463501], [8.959529876708984, -137.89630126953125, -0.001866330741904676], [10.759652137756348, -132.61285400390625, 1.6366064548492432], [10.759503364562988, -132.61277770996094, -0.0017766165547072887], [8.830479621887207, -132.66046142578125, 1.6367789506912231], [8.830330848693848, -132.66038513183594, -0.001604099408723414]], 'semantic_tags': [14], 'type_id': 'vehicle.dodge.charger_police_2020', 'color': '0,0,0', 'base_type': 'car', 'num_points': 524, 'distance': 10.18437362767824, 'speed': 16.65274811535433, 'brake': 0.0, 'light_state': '1539', 'road_id': 1334, 'lane_id': -2, 'section_id': 0, 'world2vehicle': [[0.024667935445904732, -0.9996957182884216, -5.006789797334932e-05, -135.34710693359375], [0.9996957182884216, 0.02466793917119503, -8.939825056586415e-05, -6.5200653076171875], [9.060611773747951e-05, -4.784739212482236e-05, 1.0, -0.0073278797790408134], [0.0, 0.0, 0.0, 1.0]], 'position': (9.74882282846755, -2.932674009624037, 0.310941900256838), 'yaw': -3.098967162446421, 'color_rgb': None, 'color_name': None, 'lane_type': carla.libcarla.LaneType.Driving, 'lane_type_str': 'Driving', 'is_in_junction': True, 'junction_id': 1221, 'distance_to_junction': 0.0, 'next_junction_id': -1, 'next_road_ids': [29], 'next_next_road_ids': [697], 'same_road_as_ego': False, 'same_direction_as_ego': False, 'lane_relative_to_ego': None, 'steer': -2.557825065776945e-06, 'vehicle_cuts_in': False}]
[debug] scenario_name = OppositeVehicleRunningRedLight
[debug] [3] relevant_objects = [{'class': 'vehicle', 'state': 'dynamic', 'id': '839', 'location': [9.856815338134766, -135.14508056640625, -3.154754449496977e-05], 'rotation': [-0.002868679352104664, 0.005122142378240824, -88.58648681640625], 'bbx_loc': [0.10949620604515076, 2.384185791015625e-07, 0.8174071311950684], 'center': [9.859590530395508, -135.25457763671875, 0.8173701167106628], 'extent': [2.6187572479248047, 0.9648797512054443, 0.819191575050354], 'world_cord': [[10.888850212097168, -137.84878540039062, 1.636344313621521], [10.888702392578125, -137.8487091064453, -0.0020388478878885508], [8.959677696228027, -137.89637756347656, 1.636516809463501], [8.959529876708984, -137.89630126953125, -0.001866330741904676], [10.759652137756348, -132.61285400390625, 1.6366064548492432], [10.759503364562988, -132.61277770996094, -0.0017766165547072887], [8.830479621887207, -132.66046142578125, 1.6367789506912231], [8.830330848693848, -132.66038513183594, -0.001604099408723414]], 'semantic_tags': [14], 'type_id': 'vehicle.dodge.charger_police_2020', 'color': '0,0,0', 'base_type': 'car', 'num_points': 524, 'distance': 10.18437362767824, 'speed': 16.65274811535433, 'brake': 0.0, 'light_state': '1539', 'road_id': 1334, 'lane_id': -2, 'section_id': 0, 'world2vehicle': [[0.024667935445904732, -0.9996957182884216, -5.006789797334932e-05, -135.34710693359375], [0.9996957182884216, 0.02466793917119503, -8.939825056586415e-05, -6.5200653076171875], [9.060611773747951e-05, -4.784739212482236e-05, 1.0, -0.0073278797790408134], [0.0, 0.0, 0.0, 1.0]], 'position': (9.74882282846755, -2.932674009624037, 0.310941900256838), 'yaw': -3.098967162446421, 'color_rgb': None, 'color_name': None, 'lane_type': carla.libcarla.LaneType.Driving, 'lane_type_str': 'Driving', 'is_in_junction': True, 'junction_id': 1221, 'distance_to_junction': 0.0, 'next_junction_id': -1, 'next_road_ids': [29], 'next_next_road_ids': [697], 'same_road_as_ego': False, 'same_direction_as_ego': False, 'lane_relative_to_ego': None, 'steer': -2.557825065776945e-06, 'vehicle_cuts_in': False}]
[debug] in second branch, relevant_objects = [{'class': 'vehicle', 'state': 'dynamic', 'id': '839', 'location': [9.856815338134766, -135.14508056640625, -3.154754449496977e-05], 'rotation': [-0.002868679352104664, 0.005122142378240824, -88.58648681640625], 'bbx_loc': [0.10949620604515076, 2.384185791015625e-07, 0.8174071311950684], 'center': [9.859590530395508, -135.25457763671875, 0.8173701167106628], 'extent': [2.6187572479248047, 0.9648797512054443, 0.819191575050354], 'world_cord': [[10.888850212097168, -137.84878540039062, 1.636344313621521], [10.888702392578125, -137.8487091064453, -0.0020388478878885508], [8.959677696228027, -137.89637756347656, 1.636516809463501], [8.959529876708984, -137.89630126953125, -0.001866330741904676], [10.759652137756348, -132.61285400390625, 1.6366064548492432], [10.759503364562988, -132.61277770996094, -0.0017766165547072887], [8.830479621887207, -132.66046142578125, 1.6367789506912231], [8.830330848693848, -132.66038513183594, -0.001604099408723414]], 'semantic_tags': [14], 'type_id': 'vehicle.dodge.charger_police_2020', 'color': '0,0,0', 'base_type': 'car', 'num_points': 524, 'distance': 10.18437362767824, 'speed': 16.65274811535433, 'brake': 0.0, 'light_state': '1539', 'road_id': 1334, 'lane_id': -2, 'section_id': 0, 'world2vehicle': [[0.024667935445904732, -0.9996957182884216, -5.006789797334932e-05, -135.34710693359375], [0.9996957182884216, 0.02466793917119503, -8.939825056586415e-05, -6.5200653076171875], [9.060611773747951e-05, -4.784739212482236e-05, 1.0, -0.0073278797790408134], [0.0, 0.0, 0.0, 1.0]], 'position': (9.74882282846755, -2.932674009624037, 0.310941900256838), 'yaw': -3.098967162446421, 'color_rgb': None, 'color_name': None, 'lane_type': carla.libcarla.LaneType.Driving, 'lane_type_str': 'Driving', 'is_in_junction': True, 'junction_id': 1221, 'distance_to_junction': 0.0, 'next_junction_id': -1, 'next_road_ids': [29], 'next_next_road_ids': [697], 'same_road_as_ego': False, 'same_direction_as_ego': False, 'lane_relative_to_ego': None, 'steer': -2.557825065776945e-06, 'vehicle_cuts_in': False}]
[debug] path = ../../../Bench2Drive-rep/OppositeVehicleRunningRedLight_Town03_Route119_Weather12/anno/00050.json.gz
[debug] [2] relevant_objects = []
[debug] scenario_name = OppositeVehicleRunningRedLight
[debug] [3] relevant_objects = []
[debug] in second branch, relevant_objects = []
[debug] path = ../../../Bench2Drive-rep/OppositeVehicleRunningRedLight_Town03_Route119_Weather12/anno/00055.json.gz
[debug] [2] relevant_objects = []
[debug] scenario_name = OppositeVehicleRunningRedLight
[debug] [3] relevant_objects = []
[debug] in second branch, relevant_objects = []
[debug] path = ../../../Bench2Drive-rep/OppositeVehicleRunningRedLight_Town03_Route119_Weather12/anno/00060.json.gz
[debug] 1
[debug] [2] relevant_objects = [{'class': 'vehicle', 'state': 'dynamic', 'id': '886', 'location': [-21.247596740722656, -135.127685546875, -0.0012653886806219816], 'rotation': [-0.029793282970786095, 0.000890759052708745, 1.2518218755722046], 'bbx_loc': [-0.0025934334844350815, -3.047853397220024e-06, 0.7203620076179504], 'center': [-21.249814987182617, -135.1277313232422, 0.719097912311554], 'extent': [2.3368194103240967, 0.9059062600135803, 0.7209736704826355], 'world_cord': [[-18.93297004699707, -134.17095947265625, 1.4388422966003418], [-18.933719635009766, -134.17100524902344, -0.003104911418631673], [-18.893388748168945, -135.9823455810547, 1.4388704299926758], [-18.89413833618164, -135.9823760986328, -0.0030767438001930714], [-23.605493545532227, -134.2730712890625, 1.441272497177124], [-23.606243133544922, -134.27310180664062, -0.0006746620056219399], [-23.56591033935547, -136.08444213867188, 1.4413007497787476], [-23.566659927368164, -136.08448791503906, -0.0006464942707680166]], 'semantic_tags': [14], 'type_id': 'vehicle.mercedes.coupe_2020', 'color': '0,21,81', 'base_type': 'car', 'num_points': 15, 'distance': 38.77460537424817, 'speed': 5.670417399025833, 'brake': 0.13800811767578125, 'light_state': '147', 'road_id': 19, 'lane_id': 1, 'section_id': 0, 'world2vehicle': [[0.9997612237930298, 0.021846674382686615, -0.0005199908628128469, 24.19461441040039], [-0.02184668369591236, 0.9997613430023193, -1.5546676877420396e-05, 134.63125610351562], [0.0005195271223783493, 2.690303881536238e-05, 0.9999998807907104, 0.015939436852931976], [0.0, 0.0, 0.0, 1.0]], 'position': (38.67731542602182, -2.5975023596387814, 0.8884778282455468), 'yaw': -3.140170525567691, 'color_rgb': None, 'color_name': None, 'lane_type': carla.libcarla.LaneType.Driving, 'lane_type_str': 'Driving', 'is_in_junction': False, 'junction_id': -1, 'distance_to_junction': 8.999999046325684, 'next_junction_id': 1221, 'next_road_ids': [1301], 'next_next_road_ids': [28], 'same_road_as_ego': False, 'same_direction_as_ego': False, 'lane_relative_to_ego': None, 'steer': -0.0002705940617239012, 'vehicle_cuts_in': False}]
[debug] scenario_name = OppositeVehicleRunningRedLight
[debug] [3] relevant_objects = [{'class': 'vehicle', 'state': 'dynamic', 'id': '886', 'location': [-21.247596740722656, -135.127685546875, -0.0012653886806219816], 'rotation': [-0.029793282970786095, 0.000890759052708745, 1.2518218755722046], 'bbx_loc': [-0.0025934334844350815, -3.047853397220024e-06, 0.7203620076179504], 'center': [-21.249814987182617, -135.1277313232422, 0.719097912311554], 'extent': [2.3368194103240967, 0.9059062600135803, 0.7209736704826355], 'world_cord': [[-18.93297004699707, -134.17095947265625, 1.4388422966003418], [-18.933719635009766, -134.17100524902344, -0.003104911418631673], [-18.893388748168945, -135.9823455810547, 1.4388704299926758], [-18.89413833618164, -135.9823760986328, -0.0030767438001930714], [-23.605493545532227, -134.2730712890625, 1.441272497177124], [-23.606243133544922, -134.27310180664062, -0.0006746620056219399], [-23.56591033935547, -136.08444213867188, 1.4413007497787476], [-23.566659927368164, -136.08448791503906, -0.0006464942707680166]], 'semantic_tags': [14], 'type_id': 'vehicle.mercedes.coupe_2020', 'color': '0,21,81', 'base_type': 'car', 'num_points': 15, 'distance': 38.77460537424817, 'speed': 5.670417399025833, 'brake': 0.13800811767578125, 'light_state': '147', 'road_id': 19, 'lane_id': 1, 'section_id': 0, 'world2vehicle': [[0.9997612237930298, 0.021846674382686615, -0.0005199908628128469, 24.19461441040039], [-0.02184668369591236, 0.9997613430023193, -1.5546676877420396e-05, 134.63125610351562], [0.0005195271223783493, 2.690303881536238e-05, 0.9999998807907104, 0.015939436852931976], [0.0, 0.0, 0.0, 1.0]], 'position': (38.67731542602182, -2.5975023596387814, 0.8884778282455468), 'yaw': -3.140170525567691, 'color_rgb': None, 'color_name': None, 'lane_type': carla.libcarla.LaneType.Driving, 'lane_type_str': 'Driving', 'is_in_junction': False, 'junction_id': -1, 'distance_to_junction': 8.999999046325684, 'next_junction_id': 1221, 'next_road_ids': [1301], 'next_next_road_ids': [28], 'same_road_as_ego': False, 'same_direction_as_ego': False, 'lane_relative_to_ego': None, 'steer': -0.0002705940617239012, 'vehicle_cuts_in': False}]
[debug] in second branch, relevant_objects = [{'class': 'vehicle', 'state': 'dynamic', 'id': '886', 'location': [-21.247596740722656, -135.127685546875, -0.0012653886806219816], 'rotation': [-0.029793282970786095, 0.000890759052708745, 1.2518218755722046], 'bbx_loc': [-0.0025934334844350815, -3.047853397220024e-06, 0.7203620076179504], 'center': [-21.249814987182617, -135.1277313232422, 0.719097912311554], 'extent': [2.3368194103240967, 0.9059062600135803, 0.7209736704826355], 'world_cord': [[-18.93297004699707, -134.17095947265625, 1.4388422966003418], [-18.933719635009766, -134.17100524902344, -0.003104911418631673], [-18.893388748168945, -135.9823455810547, 1.4388704299926758], [-18.89413833618164, -135.9823760986328, -0.0030767438001930714], [-23.605493545532227, -134.2730712890625, 1.441272497177124], [-23.606243133544922, -134.27310180664062, -0.0006746620056219399], [-23.56591033935547, -136.08444213867188, 1.4413007497787476], [-23.566659927368164, -136.08448791503906, -0.0006464942707680166]], 'semantic_tags': [14], 'type_id': 'vehicle.mercedes.coupe_2020', 'color': '0,21,81', 'base_type': 'car', 'num_points': 15, 'distance': 38.77460537424817, 'speed': 5.670417399025833, 'brake': 0.13800811767578125, 'light_state': '147', 'road_id': 19, 'lane_id': 1, 'section_id': 0, 'world2vehicle': [[0.9997612237930298, 0.021846674382686615, -0.0005199908628128469, 24.19461441040039], [-0.02184668369591236, 0.9997613430023193, -1.5546676877420396e-05, 134.63125610351562], [0.0005195271223783493, 2.690303881536238e-05, 0.9999998807907104, 0.015939436852931976], [0.0, 0.0, 0.0, 1.0]], 'position': (38.67731542602182, -2.5975023596387814, 0.8884778282455468), 'yaw': -3.140170525567691, 'color_rgb': None, 'color_name': None, 'lane_type': carla.libcarla.LaneType.Driving, 'lane_type_str': 'Driving', 'is_in_junction': False, 'junction_id': -1, 'distance_to_junction': 8.999999046325684, 'next_junction_id': 1221, 'next_road_ids': [1301], 'next_next_road_ids': [28], 'same_road_as_ego': False, 'same_direction_as_ego': False, 'lane_relative_to_ego': None, 'steer': -0.0002705940617239012, 'vehicle_cuts_in': False}]
[debug] path = ../../../Bench2Drive-rep/OppositeVehicleRunningRedLight_Town03_Route119_Weather12/anno/00065.json.gz
[debug] 1
[debug] [2] relevant_objects = [{'class': 'vehicle', 'state': 'dynamic', 'id': '886', 'location': [-18.723670959472656, -135.07266235351562, -0.0019045030931010842], 'rotation': [-0.2830498516559601, -0.0001220700578414835, 1.2479078769683838], 'bbx_loc': [-0.0025934334844350815, -3.047853397220024e-06, 0.7203620076179504], 'center': [-18.722705841064453, -135.07264709472656, 0.7184615135192871], 'extent': [2.3368194103240967, 0.9059062600135803, 0.7209736704826355], 'world_cord': [[-16.402637481689453, -134.11598205566406, 1.4278841018676758], [-16.409759521484375, -134.1161346435547, -0.014045612886548042], [-16.36318016052246, -135.9273681640625, 1.4278802871704102], [-16.37030029296875, -135.92752075195312, -0.014049472287297249], [-21.075111389160156, -134.2177734375, 1.4509724378585815], [-21.082233428955078, -134.21792602539062, 0.009042778983712196], [-21.03565216064453, -136.02915954589844, 1.450968623161316], [-21.042774200439453, -136.02931213378906, 0.00903891958296299]], 'semantic_tags': [14], 'type_id': 'vehicle.mercedes.coupe_2020', 'color': '0,21,81', 'base_type': 'car', 'num_points': 21, 'distance': 34.58199673537331, 'speed': 3.1219320459113176, 'brake': 1.0, 'light_state': '155', 'road_id': 19, 'lane_id': 1, 'section_id': 0, 'world2vehicle': [[0.9997506141662598, 0.021778114140033722, -0.004940131679177284, 21.660619735717773], [-0.021778369322419167, 0.9997628331184387, 2.130498387487023e-06, 134.6328582763672], [0.004939006641507149, 0.00010545804252615198, 0.999987781047821, 0.10862531512975693], [0.0, 0.0, 0.0, 1.0]], 'position': (34.120329316972466, -5.624020153656488, 0.29713588056010964), 'yaw': -3.058976602885573, 'color_rgb': None, 'color_name': None, 'lane_type': carla.libcarla.LaneType.Driving, 'lane_type_str': 'Driving', 'is_in_junction': False, 'junction_id': -1, 'distance_to_junction': 7.0, 'next_junction_id': 1221, 'next_road_ids': [1301], 'next_next_road_ids': [28], 'same_road_as_ego': False, 'same_direction_as_ego': False, 'lane_relative_to_ego': None, 'steer': -0.0009136753560269735, 'vehicle_cuts_in': False}]
[debug] scenario_name = OppositeVehicleRunningRedLight
[debug] [3] relevant_objects = [{'class': 'vehicle', 'state': 'dynamic', 'id': '886', 'location': [-18.723670959472656, -135.07266235351562, -0.0019045030931010842], 'rotation': [-0.2830498516559601, -0.0001220700578414835, 1.2479078769683838], 'bbx_loc': [-0.0025934334844350815, -3.047853397220024e-06, 0.7203620076179504], 'center': [-18.722705841064453, -135.07264709472656, 0.7184615135192871], 'extent': [2.3368194103240967, 0.9059062600135803, 0.7209736704826355], 'world_cord': [[-16.402637481689453, -134.11598205566406, 1.4278841018676758], [-16.409759521484375, -134.1161346435547, -0.014045612886548042], [-16.36318016052246, -135.9273681640625, 1.4278802871704102], [-16.37030029296875, -135.92752075195312, -0.014049472287297249], [-21.075111389160156, -134.2177734375, 1.4509724378585815], [-21.082233428955078, -134.21792602539062, 0.009042778983712196], [-21.03565216064453, -136.02915954589844, 1.450968623161316], [-21.042774200439453, -136.02931213378906, 0.00903891958296299]], 'semantic_tags': [14], 'type_id': 'vehicle.mercedes.coupe_2020', 'color': '0,21,81', 'base_type': 'car', 'num_points': 21, 'distance': 34.58199673537331, 'speed': 3.1219320459113176, 'brake': 1.0, 'light_state': '155', 'road_id': 19, 'lane_id': 1, 'section_id': 0, 'world2vehicle': [[0.9997506141662598, 0.021778114140033722, -0.004940131679177284, 21.660619735717773], [-0.021778369322419167, 0.9997628331184387, 2.130498387487023e-06, 134.6328582763672], [0.004939006641507149, 0.00010545804252615198, 0.999987781047821, 0.10862531512975693], [0.0, 0.0, 0.0, 1.0]], 'position': (34.120329316972466, -5.624020153656488, 0.29713588056010964), 'yaw': -3.058976602885573, 'color_rgb': None, 'color_name': None, 'lane_type': carla.libcarla.LaneType.Driving, 'lane_type_str': 'Driving', 'is_in_junction': False, 'junction_id': -1, 'distance_to_junction': 7.0, 'next_junction_id': 1221, 'next_road_ids': [1301], 'next_next_road_ids': [28], 'same_road_as_ego': False, 'same_direction_as_ego': False, 'lane_relative_to_ego': None, 'steer': -0.0009136753560269735, 'vehicle_cuts_in': False}]
[debug] in second branch, relevant_objects = [{'class': 'vehicle', 'state': 'dynamic', 'id': '886', 'location': [-18.723670959472656, -135.07266235351562, -0.0019045030931010842], 'rotation': [-0.2830498516559601, -0.0001220700578414835, 1.2479078769683838], 'bbx_loc': [-0.0025934334844350815, -3.047853397220024e-06, 0.7203620076179504], 'center': [-18.722705841064453, -135.07264709472656, 0.7184615135192871], 'extent': [2.3368194103240967, 0.9059062600135803, 0.7209736704826355], 'world_cord': [[-16.402637481689453, -134.11598205566406, 1.4278841018676758], [-16.409759521484375, -134.1161346435547, -0.014045612886548042], [-16.36318016052246, -135.9273681640625, 1.4278802871704102], [-16.37030029296875, -135.92752075195312, -0.014049472287297249], [-21.075111389160156, -134.2177734375, 1.4509724378585815], [-21.082233428955078, -134.21792602539062, 0.009042778983712196], [-21.03565216064453, -136.02915954589844, 1.450968623161316], [-21.042774200439453, -136.02931213378906, 0.00903891958296299]], 'semantic_tags': [14], 'type_id': 'vehicle.mercedes.coupe_2020', 'color': '0,21,81', 'base_type': 'car', 'num_points': 21, 'distance': 34.58199673537331, 'speed': 3.1219320459113176, 'brake': 1.0, 'light_state': '155', 'road_id': 19, 'lane_id': 1, 'section_id': 0, 'world2vehicle': [[0.9997506141662598, 0.021778114140033722, -0.004940131679177284, 21.660619735717773], [-0.021778369322419167, 0.9997628331184387, 2.130498387487023e-06, 134.6328582763672], [0.004939006641507149, 0.00010545804252615198, 0.999987781047821, 0.10862531512975693], [0.0, 0.0, 0.0, 1.0]], 'position': (34.120329316972466, -5.624020153656488, 0.29713588056010964), 'yaw': -3.058976602885573, 'color_rgb': None, 'color_name': None, 'lane_type': carla.libcarla.LaneType.Driving, 'lane_type_str': 'Driving', 'is_in_junction': False, 'junction_id': -1, 'distance_to_junction': 7.0, 'next_junction_id': 1221, 'next_road_ids': [1301], 'next_next_road_ids': [28], 'same_road_as_ego': False, 'same_direction_as_ego': False, 'lane_relative_to_ego': None, 'steer': -0.0009136753560269735, 'vehicle_cuts_in': False}]
[debug] path = ../../../Bench2Drive-rep/OppositeVehicleRunningRedLight_Town03_Route119_Weather12/anno/00070.json.gz
[debug] [2] relevant_objects = []
[debug] scenario_name = OppositeVehicleRunningRedLight
[debug] [3] relevant_objects = []
[debug] in second branch, relevant_objects = []
[debug] path = ../../../Bench2Drive-rep/OppositeVehicleRunningRedLight_Town03_Route119_Weather12/anno/00075.json.gz
[debug] [2] relevant_objects = []
[debug] scenario_name = OppositeVehicleRunningRedLight
[debug] [3] relevant_objects = []
[debug] in second branch, relevant_objects = []
[debug] path = ../../../Bench2Drive-rep/OppositeVehicleRunningRedLight_Town03_Route119_Weather12/anno/00080.json.gz
[debug] [2] relevant_objects = []
[debug] scenario_name = OppositeVehicleRunningRedLight
[debug] [3] relevant_objects = []
[debug] in second branch, relevant_objects = []
[debug] path = ../../../Bench2Drive-rep/OppositeVehicleRunningRedLight_Town03_Route119_Weather12/anno/00085.json.gz
[debug] [2] relevant_objects = []
[debug] scenario_name = OppositeVehicleRunningRedLight
[debug] [3] relevant_objects = []
[debug] in second branch, relevant_objects = []
[debug] path = ../../../Bench2Drive-rep/OppositeVehicleRunningRedLight_Town03_Route119_Weather12/anno/00090.json.gz
[debug] [2] relevant_objects = []
[debug] scenario_name = OppositeVehicleRunningRedLight
[debug] [3] relevant_objects = []
[debug] in second branch, relevant_objects = []
[debug] path = ../../../Bench2Drive-rep/OppositeVehicleRunningRedLight_Town03_Route119_Weather12/anno/00095.json.gz
[debug] 1
[debug] [2] relevant_objects = [{'class': 'vehicle', 'state': 'dynamic', 'id': '893', 'location': [-45.43330001831055, -135.67831420898438, -0.007642936427146196], 'rotation': [0.034915924072265625, 0.0011037102667614818, 1.576798677444458], 'bbx_loc': [5.780337596661411e-05, 0.0017862811218947172, 0.7014925479888916], 'center': [-45.433719635009766, -135.67652893066406, 0.693849503993988], 'extent': [2.6787397861480713, 1.0166014432907104, 0.7053293585777283], 'world_cord': [[-42.78439712524414, -134.5865936279297, 1.4007915258407593], [-42.783538818359375, -134.5865936279297, -0.009866910986602306], [-42.728450775146484, -136.61903381347656, 1.4008307456970215], [-42.72759246826172, -136.61903381347656, -0.009827744215726852], [-48.13984680175781, -134.73402404785156, 1.397526741027832], [-48.13898849487305, -134.73402404785156, -0.013131747022271156], [-48.083900451660156, -136.76644897460938, 1.3975659608840942], [-48.08304214477539, -136.76644897460938, -0.013092580251395702]], 'semantic_tags': [14], 'type_id': 'vehicle.chevrolet.impala', 'color': '61,86,143', 'base_type': 'car', 'num_points': 11, 'distance': 37.95965909745352, 'speed': 6.784650531567464, 'brake': 0.0, 'light_state': '131', 'road_id': 19, 'lane_id': 1, 'section_id': 0, 'world2vehicle': [[0.9996211528778076, 0.02751684933900833, 0.0006093977717682719, 49.149532318115234], [-0.027516843751072884, 0.9996213316917419, -1.926337426993996e-05, 134.3767547607422], [-0.000609697075560689, 2.4873734218999743e-06, 0.9999998211860657, -0.019720133394002914], [0.0, 0.0, 0.0, 1.0]], 'position': (37.75474819098569, -3.9375615087523954, -0.10161848403265566), 'yaw': -3.110830746154397, 'color_rgb': None, 'color_name': None, 'lane_type': carla.libcarla.LaneType.Driving, 'lane_type_str': 'Driving', 'is_in_junction': False, 'junction_id': -1, 'distance_to_junction': 34.0, 'next_junction_id': 1221, 'next_road_ids': [1301], 'next_next_road_ids': [28], 'same_road_as_ego': False, 'same_direction_as_ego': False, 'lane_relative_to_ego': None, 'steer': -0.006775673678562985, 'vehicle_cuts_in': False}]
[debug] scenario_name = OppositeVehicleRunningRedLight
[debug] [3] relevant_objects = [{'class': 'vehicle', 'state': 'dynamic', 'id': '893', 'location': [-45.43330001831055, -135.67831420898438, -0.007642936427146196], 'rotation': [0.034915924072265625, 0.0011037102667614818, 1.576798677444458], 'bbx_loc': [5.780337596661411e-05, 0.0017862811218947172, 0.7014925479888916], 'center': [-45.433719635009766, -135.67652893066406, 0.693849503993988], 'extent': [2.6787397861480713, 1.0166014432907104, 0.7053293585777283], 'world_cord': [[-42.78439712524414, -134.5865936279297, 1.4007915258407593], [-42.783538818359375, -134.5865936279297, -0.009866910986602306], [-42.728450775146484, -136.61903381347656, 1.4008307456970215], [-42.72759246826172, -136.61903381347656, -0.009827744215726852], [-48.13984680175781, -134.73402404785156, 1.397526741027832], [-48.13898849487305, -134.73402404785156, -0.013131747022271156], [-48.083900451660156, -136.76644897460938, 1.3975659608840942], [-48.08304214477539, -136.76644897460938, -0.013092580251395702]], 'semantic_tags': [14], 'type_id': 'vehicle.chevrolet.impala', 'color': '61,86,143', 'base_type': 'car', 'num_points': 11, 'distance': 37.95965909745352, 'speed': 6.784650531567464, 'brake': 0.0, 'light_state': '131', 'road_id': 19, 'lane_id': 1, 'section_id': 0, 'world2vehicle': [[0.9996211528778076, 0.02751684933900833, 0.0006093977717682719, 49.149532318115234], [-0.027516843751072884, 0.9996213316917419, -1.926337426993996e-05, 134.3767547607422], [-0.000609697075560689, 2.4873734218999743e-06, 0.9999998211860657, -0.019720133394002914], [0.0, 0.0, 0.0, 1.0]], 'position': (37.75474819098569, -3.9375615087523954, -0.10161848403265566), 'yaw': -3.110830746154397, 'color_rgb': None, 'color_name': None, 'lane_type': carla.libcarla.LaneType.Driving, 'lane_type_str': 'Driving', 'is_in_junction': False, 'junction_id': -1, 'distance_to_junction': 34.0, 'next_junction_id': 1221, 'next_road_ids': [1301], 'next_next_road_ids': [28], 'same_road_as_ego': False, 'same_direction_as_ego': False, 'lane_relative_to_ego': None, 'steer': -0.006775673678562985, 'vehicle_cuts_in': False}]
[debug] in second branch, relevant_objects = [{'class': 'vehicle', 'state': 'dynamic', 'id': '893', 'location': [-45.43330001831055, -135.67831420898438, -0.007642936427146196], 'rotation': [0.034915924072265625, 0.0011037102667614818, 1.576798677444458], 'bbx_loc': [5.780337596661411e-05, 0.0017862811218947172, 0.7014925479888916], 'center': [-45.433719635009766, -135.67652893066406, 0.693849503993988], 'extent': [2.6787397861480713, 1.0166014432907104, 0.7053293585777283], 'world_cord': [[-42.78439712524414, -134.5865936279297, 1.4007915258407593], [-42.783538818359375, -134.5865936279297, -0.009866910986602306], [-42.728450775146484, -136.61903381347656, 1.4008307456970215], [-42.72759246826172, -136.61903381347656, -0.009827744215726852], [-48.13984680175781, -134.73402404785156, 1.397526741027832], [-48.13898849487305, -134.73402404785156, -0.013131747022271156], [-48.083900451660156, -136.76644897460938, 1.3975659608840942], [-48.08304214477539, -136.76644897460938, -0.013092580251395702]], 'semantic_tags': [14], 'type_id': 'vehicle.chevrolet.impala', 'color': '61,86,143', 'base_type': 'car', 'num_points': 11, 'distance': 37.95965909745352, 'speed': 6.784650531567464, 'brake': 0.0, 'light_state': '131', 'road_id': 19, 'lane_id': 1, 'section_id': 0, 'world2vehicle': [[0.9996211528778076, 0.02751684933900833, 0.0006093977717682719, 49.149532318115234], [-0.027516843751072884, 0.9996213316917419, -1.926337426993996e-05, 134.3767547607422], [-0.000609697075560689, 2.4873734218999743e-06, 0.9999998211860657, -0.019720133394002914], [0.0, 0.0, 0.0, 1.0]], 'position': (37.75474819098569, -3.9375615087523954, -0.10161848403265566), 'yaw': -3.110830746154397, 'color_rgb': None, 'color_name': None, 'lane_type': carla.libcarla.LaneType.Driving, 'lane_type_str': 'Driving', 'is_in_junction': False, 'junction_id': -1, 'distance_to_junction': 34.0, 'next_junction_id': 1221, 'next_road_ids': [1301], 'next_next_road_ids': [28], 'same_road_as_ego': False, 'same_direction_as_ego': False, 'lane_relative_to_ego': None, 'steer': -0.006775673678562985, 'vehicle_cuts_in': False}]
[debug] path = ../../../Bench2Drive-rep/OppositeVehicleRunningRedLight_Town03_Route119_Weather12/anno/00100.json.gz
[debug] 1
[debug] [2] relevant_objects = [{'class': 'vehicle', 'state': 'dynamic', 'id': '893', 'location': [-41.63911056518555, -135.57884216308594, -0.0073962402530014515], 'rotation': [0.008353320881724358, 0.001572409993968904, 1.4294509887695312], 'bbx_loc': [5.780337596661411e-05, 0.0017862811218947172, 0.7014925479888916], 'center': [-41.639198303222656, -135.57704162597656, 0.6940962672233582], 'extent': [2.6787397861480713, 1.0166014432907104, 0.7053293585777283], 'world_cord': [[-38.986759185791016, -134.49391174316406, 1.3997883796691895], [-38.986549377441406, -134.4939422607422, -0.010870449244976044], [-38.936038970947266, -136.5264892578125, 1.3998441696166992], [-38.935829162597656, -136.52651977539062, -0.010814650915563107], [-44.34257125854492, -134.6275634765625, 1.3990073204040527], [-44.34236145019531, -134.62759399414062, -0.011651532724499702], [-44.29185104370117, -136.66012573242188, 1.3990631103515625], [-44.29164123535156, -136.66017150878906, -0.01159573346376419]], 'semantic_tags': [14], 'type_id': 'vehicle.chevrolet.impala', 'color': '61,86,143', 'base_type': 'car', 'num_points': 28, 'distance': 28.45015530616959, 'speed': 7.696328035415112, 'brake': 1.0, 'light_state': '139', 'road_id': 19, 'lane_id': 1, 'section_id': 0, 'world2vehicle': [[0.9996888041496277, 0.02494603954255581, 0.00014579294656869024, 45.00830841064453], [-0.02494603581726551, 0.9996888041496277, -2.744373159657698e-05, 134.4979248046875], [-0.00014643218310084194, 2.3798234906280413e-05, 1.0, 0.004525471478700638], [0.0, 0.0, 0.0, 1.0]], 'position': (28.36951883474396, -2.1401252286149486, -0.039882756793161), 'yaw': 3.1294960432864354, 'color_rgb': None, 'color_name': None, 'lane_type': carla.libcarla.LaneType.Driving, 'lane_type_str': 'Driving', 'is_in_junction': False, 'junction_id': -1, 'distance_to_junction': 30.000003814697266, 'next_junction_id': 1221, 'next_road_ids': [1301], 'next_next_road_ids': [28], 'same_road_as_ego': False, 'same_direction_as_ego': False, 'lane_relative_to_ego': None, 'steer': -0.005964629429911662, 'vehicle_cuts_in': False}]
[debug] scenario_name = OppositeVehicleRunningRedLight
[debug] [3] relevant_objects = [{'class': 'vehicle', 'state': 'dynamic', 'id': '893', 'location': [-41.63911056518555, -135.57884216308594, -0.0073962402530014515], 'rotation': [0.008353320881724358, 0.001572409993968904, 1.4294509887695312], 'bbx_loc': [5.780337596661411e-05, 0.0017862811218947172, 0.7014925479888916], 'center': [-41.639198303222656, -135.57704162597656, 0.6940962672233582], 'extent': [2.6787397861480713, 1.0166014432907104, 0.7053293585777283], 'world_cord': [[-38.986759185791016, -134.49391174316406, 1.3997883796691895], [-38.986549377441406, -134.4939422607422, -0.010870449244976044], [-38.936038970947266, -136.5264892578125, 1.3998441696166992], [-38.935829162597656, -136.52651977539062, -0.010814650915563107], [-44.34257125854492, -134.6275634765625, 1.3990073204040527], [-44.34236145019531, -134.62759399414062, -0.011651532724499702], [-44.29185104370117, -136.66012573242188, 1.3990631103515625], [-44.29164123535156, -136.66017150878906, -0.01159573346376419]], 'semantic_tags': [14], 'type_id': 'vehicle.chevrolet.impala', 'color': '61,86,143', 'base_type': 'car', 'num_points': 28, 'distance': 28.45015530616959, 'speed': 7.696328035415112, 'brake': 1.0, 'light_state': '139', 'road_id': 19, 'lane_id': 1, 'section_id': 0, 'world2vehicle': [[0.9996888041496277, 0.02494603954255581, 0.00014579294656869024, 45.00830841064453], [-0.02494603581726551, 0.9996888041496277, -2.744373159657698e-05, 134.4979248046875], [-0.00014643218310084194, 2.3798234906280413e-05, 1.0, 0.004525471478700638], [0.0, 0.0, 0.0, 1.0]], 'position': (28.36951883474396, -2.1401252286149486, -0.039882756793161), 'yaw': 3.1294960432864354, 'color_rgb': None, 'color_name': None, 'lane_type': carla.libcarla.LaneType.Driving, 'lane_type_str': 'Driving', 'is_in_junction': False, 'junction_id': -1, 'distance_to_junction': 30.000003814697266, 'next_junction_id': 1221, 'next_road_ids': [1301], 'next_next_road_ids': [28], 'same_road_as_ego': False, 'same_direction_as_ego': False, 'lane_relative_to_ego': None, 'steer': -0.005964629429911662, 'vehicle_cuts_in': False}]
[debug] in second branch, relevant_objects = [{'class': 'vehicle', 'state': 'dynamic', 'id': '893', 'location': [-41.63911056518555, -135.57884216308594, -0.0073962402530014515], 'rotation': [0.008353320881724358, 0.001572409993968904, 1.4294509887695312], 'bbx_loc': [5.780337596661411e-05, 0.0017862811218947172, 0.7014925479888916], 'center': [-41.639198303222656, -135.57704162597656, 0.6940962672233582], 'extent': [2.6787397861480713, 1.0166014432907104, 0.7053293585777283], 'world_cord': [[-38.986759185791016, -134.49391174316406, 1.3997883796691895], [-38.986549377441406, -134.4939422607422, -0.010870449244976044], [-38.936038970947266, -136.5264892578125, 1.3998441696166992], [-38.935829162597656, -136.52651977539062, -0.010814650915563107], [-44.34257125854492, -134.6275634765625, 1.3990073204040527], [-44.34236145019531, -134.62759399414062, -0.011651532724499702], [-44.29185104370117, -136.66012573242188, 1.3990631103515625], [-44.29164123535156, -136.66017150878906, -0.01159573346376419]], 'semantic_tags': [14], 'type_id': 'vehicle.chevrolet.impala', 'color': '61,86,143', 'base_type': 'car', 'num_points': 28, 'distance': 28.45015530616959, 'speed': 7.696328035415112, 'brake': 1.0, 'light_state': '139', 'road_id': 19, 'lane_id': 1, 'section_id': 0, 'world2vehicle': [[0.9996888041496277, 0.02494603954255581, 0.00014579294656869024, 45.00830841064453], [-0.02494603581726551, 0.9996888041496277, -2.744373159657698e-05, 134.4979248046875], [-0.00014643218310084194, 2.3798234906280413e-05, 1.0, 0.004525471478700638], [0.0, 0.0, 0.0, 1.0]], 'position': (28.36951883474396, -2.1401252286149486, -0.039882756793161), 'yaw': 3.1294960432864354, 'color_rgb': None, 'color_name': None, 'lane_type': carla.libcarla.LaneType.Driving, 'lane_type_str': 'Driving', 'is_in_junction': False, 'junction_id': -1, 'distance_to_junction': 30.000003814697266, 'next_junction_id': 1221, 'next_road_ids': [1301], 'next_next_road_ids': [28], 'same_road_as_ego': False, 'same_direction_as_ego': False, 'lane_relative_to_ego': None, 'steer': -0.005964629429911662, 'vehicle_cuts_in': False}]
[debug] path = ../../../Bench2Drive-rep/OppositeVehicleRunningRedLight_Town03_Route119_Weather12/anno/00105.json.gz
[debug] [2] relevant_objects = []
[debug] scenario_name = OppositeVehicleRunningRedLight
[debug] [3] relevant_objects = []
[debug] in second branch, relevant_objects = []
[debug] path = ../../../Bench2Drive-rep/OppositeVehicleRunningRedLight_Town03_Route119_Weather12/anno/00110.json.gz
[debug] [2] relevant_objects = []
[debug] scenario_name = OppositeVehicleRunningRedLight
[debug] [3] relevant_objects = []
[debug] in second branch, relevant_objects = []
[debug] path = ../../../Bench2Drive-rep/OppositeVehicleRunningRedLight_Town03_Route119_Weather12/anno/00115.json.gz
[debug] 1
[debug] [2] relevant_objects = [{'class': 'vehicle', 'state': 'dynamic', 'id': '875', 'location': [-64.3222427368164, -139.7172393798828, -0.006453196983784437], 'rotation': [0.2159910649061203, -0.0313110277056694, -177.93923950195312], 'bbx_loc': [-0.00629054568707943, -1.984853270187159e-06, 0.7488452196121216], 'center': [-64.31314849853516, -139.7165069580078, 0.7423628568649292], 'extent': [2.44619083404541, 0.9183566570281982, 0.7451388239860535], 'world_cord': [[-66.721923828125, -140.72171020507812, 1.4972196817398071], [-66.72750854492188, -140.7227325439453, 0.006952835712581873], [-66.78797149658203, -138.88619995117188, 1.4962159395217896], [-66.7935562133789, -138.88720703125, 0.005949114914983511], [-61.832740783691406, -140.54579162597656, 1.4787765741348267], [-61.83832550048828, -140.54681396484375, -0.011490201577544212], [-61.8987922668457, -138.71026611328125, 1.477772831916809], [-61.90437698364258, -138.71128845214844, -0.01249392144382]], 'semantic_tags': [14], 'type_id': 'vehicle.lincoln.mkz_2020', 'color': '0,0,0', 'base_type': 'car', 'num_points': 0, 'distance': 34.156905706365684, 'speed': 3.771653155621761, 'brake': 0.0, 'light_state': '147', 'road_id': 19, 'lane_id': -1, 'section_id': 0, 'world2vehicle': [[-0.999346137046814, -0.035959016531705856, 0.003769746283069253, -69.30425262451172], [0.035961322486400604, -0.9993529915809631, 0.0005464766290970147, -137.31373596191406], [0.0037476562429219484, 0.0006816843524575233, 0.9999927282333374, 0.3427538573741913], [0.0, 0.0, 0.0, 1.0]], 'position': (34.03313810856036, -2.9050865539477684, 0.0012376205540444163), 'yaw': -3.0353061608008396, 'color_rgb': None, 'color_name': None, 'lane_type': carla.libcarla.LaneType.Driving, 'lane_type_str': 'Driving', 'is_in_junction': False, 'junction_id': -1, 'distance_to_junction': 1.9999935626983643, 'next_junction_id': 730, 'next_road_ids': [853], 'next_next_road_ids': [20], 'same_road_as_ego': True, 'same_direction_as_ego': True, 'lane_relative_to_ego': 0, 'steer': 0.12744545149728082, 'vehicle_cuts_in': False}]
[debug] scenario_name = OppositeVehicleRunningRedLight
