[debug] path = ../../../Bench2Drive-rep/OppositeVehicleRunningRedLight_Town03_Route119_Weather12/anno/00000.json.gz
[debug] [2] relevant_objects = []
[debug] scenario_name = OppositeVehicleRunningRedLight
[debug] [3] relevant_objects = []
[debug] in second branch, relevant_objects = []
[debug] path = ../../../Bench2Drive-rep/OppositeVehicleRunningRedLight_Town03_Route119_Weather12/anno/00005.json.gz
[debug] [2] relevant_objects = []
[debug] scenario_name = OppositeVehicleRunningRedLight
[debug] [3] relevant_objects = []
[debug] in second branch, relevant_objects = []
[debug] path = ../../../Bench2Drive-rep/OppositeVehicleRunningRedLight_Town03_Route119_Weather12/anno/00010.json.gz
[debug] [2] relevant_objects = []
[debug] scenario_name = OppositeVehicleRunningRedLight
[debug] [3] relevant_objects = []
[debug] in second branch, relevant_objects = []
[debug] path = ../../../Bench2Drive-rep/OppositeVehicleRunningRedLight_Town03_Route119_Weather12/anno/00015.json.gz
[debug] [2] relevant_objects = []
[debug] scenario_name = OppositeVehicleRunningRedLight
[debug] [3] relevant_objects = []
[debug] in second branch, relevant_objects = []
[debug] path = ../../../Bench2Drive-rep/OppositeVehicleRunningRedLight_Town03_Route119_Weather12/anno/00020.json.gz
[debug] [2] relevant_objects = []
[debug] scenario_name = OppositeVehicleRunningRedLight
[debug] [3] relevant_objects = []
[debug] in second branch, relevant_objects = []
[debug] path = ../../../Bench2Drive-rep/OppositeVehicleRunningRedLight_Town03_Route119_Weather12/anno/00025.json.gz
[debug] [2] relevant_objects = []
[debug] scenario_name = OppositeVehicleRunningRedLight
[debug] [3] relevant_objects = []
[debug] in second branch, relevant_objects = []
[debug] path = ../../../Bench2Drive-rep/OppositeVehicleRunningRedLight_Town03_Route119_Weather12/anno/00030.json.gz
[debug] [2] relevant_objects = []
[debug] scenario_name = OppositeVehicleRunningRedLight
[debug] [3] relevant_objects = []
[debug] in second branch, relevant_objects = []
[debug] path = ../../../Bench2Drive-rep/OppositeVehicleRunningRedLight_Town03_Route119_Weather12/anno/00035.json.gz
[debug] [2] relevant_objects = []
[debug] scenario_name = OppositeVehicleRunningRedLight
[debug] [3] relevant_objects = []
[debug] in second branch, relevant_objects = []
[debug] path = ../../../Bench2Drive-rep/OppositeVehicleRunningRedLight_Town03_Route119_Weather12/anno/00040.json.gz
[debug] 1
[debug] [2] relevant_objects = [{'class': 'vehicle', 'state': 'dynamic', 'id': '839', 'location': [9.651304244995117, -126.81813049316406, -0.00014762878709007055], 'rotation': [-0.007841057144105434, 0.0023515187203884125, -88.5863037109375], 'bbx_loc': [0.10949620604515076, 2.384185791015625e-07, 0.8174071311950684], 'center': [9.65404224395752, -126.92770385742188, 0.8172445297241211], 'extent': [2.6187572479248047, 0.9648797512054443, 0.819191575050354], 'world_cord': [[10.683272361755371, -129.52197265625, 1.6360381841659546], [10.683199882507324, -129.52174377441406, -0.002345040673390031], [8.75409984588623, -129.569580078125, 1.6361173391342163], [8.754027366638184, -129.56935119628906, -0.002265840070322156], [10.554057121276855, -124.28604888916016, 1.6367548704147339], [10.553983688354492, -124.28582763671875, -0.001628275029361248], [8.624884605407715, -124.33366394042969, 1.6368341445922852], [8.624812126159668, -124.33343505859375, -0.0015490743098780513]], 'semantic_tags': [14], 'type_id': 'vehicle.dodge.charger_police_2020', 'color': '0,0,0', 'base_type': 'car', 'num_points': 188, 'distance': 15.073188410144502, 'speed': 16.652857128311386, 'brake': 0.0, 'light_state': '1539', 'road_id': 1334, 'lane_id': -2, 'section_id': 0, 'world2vehicle': [[0.024671154096722603, -0.9996955990791321, -0.00013685226440429688, -127.01763153076172], [0.9996955990791321, 0.02467115968465805, -4.104174513486214e-05, -6.519615650177002], [4.4405554945115e-05, -0.00013579805090557784, 1.0, -0.017502598464488983], [0.0, 0.0, 0.0, 1.0]], 'position': (10.219162267507393, -11.069651306550526, 0.503770202471952), 'yaw': -3.1159922186630795, 'color_rgb': None, 'color_name': None, 'lane_type': carla.libcarla.LaneType.Driving, 'lane_type_str': 'Driving', 'is_in_junction': True, 'junction_id': 1221, 'distance_to_junction': 0.0, 'next_junction_id': -1, 'next_road_ids': [29], 'next_next_road_ids': [697], 'same_road_as_ego': False, 'same_direction_as_ego': False, 'lane_relative_to_ego': None, 'steer': -3.836723437375752e-06, 'vehicle_cuts_in': False}]
[debug] scenario_name = OppositeVehicleRunningRedLight
[debug] [3] relevant_objects = [{'class': 'vehicle', 'state': 'dynamic', 'id': '839', 'location': [9.651304244995117, -126.81813049316406, -0.00014762878709007055], 'rotation': [-0.007841057144105434, 0.0023515187203884125, -88.5863037109375], 'bbx_loc': [0.10949620604515076, 2.384185791015625e-07, 0.8174071311950684], 'center': [9.65404224395752, -126.92770385742188, 0.8172445297241211], 'extent': [2.6187572479248047, 0.9648797512054443, 0.819191575050354], 'world_cord': [[10.683272361755371, -129.52197265625, 1.6360381841659546], [10.683199882507324, -129.52174377441406, -0.002345040673390031], [8.75409984588623, -129.569580078125, 1.6361173391342163], [8.754027366638184, -129.56935119628906, -0.002265840070322156], [10.554057121276855, -124.28604888916016, 1.6367548704147339], [10.553983688354492, -124.28582763671875, -0.001628275029361248], [8.624884605407715, -124.33366394042969, 1.6368341445922852], [8.624812126159668, -124.33343505859375, -0.0015490743098780513]], 'semantic_tags': [14], 'type_id': 'vehicle.dodge.charger_police_2020', 'color': '0,0,0', 'base_type': 'car', 'num_points': 188, 'distance': 15.073188410144502, 'speed': 16.652857128311386, 'brake': 0.0, 'light_state': '1539', 'road_id': 1334, 'lane_id': -2, 'section_id': 0, 'world2vehicle': [[0.024671154096722603, -0.9996955990791321, -0.00013685226440429688, -127.01763153076172], [0.9996955990791321, 0.02467115968465805, -4.104174513486214e-05, -6.519615650177002], [4.4405554945115e-05, -0.00013579805090557784, 1.0, -0.017502598464488983], [0.0, 0.0, 0.0, 1.0]], 'position': (10.219162267507393, -11.069651306550526, 0.503770202471952), 'yaw': -3.1159922186630795, 'color_rgb': None, 'color_name': None, 'lane_type': carla.libcarla.LaneType.Driving, 'lane_type_str': 'Driving', 'is_in_junction': True, 'junction_id': 1221, 'distance_to_junction': 0.0, 'next_junction_id': -1, 'next_road_ids': [29], 'next_next_road_ids': [697], 'same_road_as_ego': False, 'same_direction_as_ego': False, 'lane_relative_to_ego': None, 'steer': -3.836723437375752e-06, 'vehicle_cuts_in': False}]
[debug] in second branch, relevant_objects = [{'class': 'vehicle', 'state': 'dynamic', 'id': '839', 'location': [9.651304244995117, -126.81813049316406, -0.00014762878709007055], 'rotation': [-0.007841057144105434, 0.0023515187203884125, -88.5863037109375], 'bbx_loc': [0.10949620604515076, 2.384185791015625e-07, 0.8174071311950684], 'center': [9.65404224395752, -126.92770385742188, 0.8172445297241211], 'extent': [2.6187572479248047, 0.9648797512054443, 0.819191575050354], 'world_cord': [[10.683272361755371, -129.52197265625, 1.6360381841659546], [10.683199882507324, -129.52174377441406, -0.002345040673390031], [8.75409984588623, -129.569580078125, 1.6361173391342163], [8.754027366638184, -129.56935119628906, -0.002265840070322156], [10.554057121276855, -124.28604888916016, 1.6367548704147339], [10.553983688354492, -124.28582763671875, -0.001628275029361248], [8.624884605407715, -124.33366394042969, 1.6368341445922852], [8.624812126159668, -124.33343505859375, -0.0015490743098780513]], 'semantic_tags': [14], 'type_id': 'vehicle.dodge.charger_police_2020', 'color': '0,0,0', 'base_type': 'car', 'num_points': 188, 'distance': 15.073188410144502, 'speed': 16.652857128311386, 'brake': 0.0, 'light_state': '1539', 'road_id': 1334, 'lane_id': -2, 'section_id': 0, 'world2vehicle': [[0.024671154096722603, -0.9996955990791321, -0.00013685226440429688, -127.01763153076172], [0.9996955990791321, 0.02467115968465805, -4.104174513486214e-05, -6.519615650177002], [4.4405554945115e-05, -0.00013579805090557784, 1.0, -0.017502598464488983], [0.0, 0.0, 0.0, 1.0]], 'position': (10.219162267507393, -11.069651306550526, 0.503770202471952), 'yaw': -3.1159922186630795, 'color_rgb': None, 'color_name': None, 'lane_type': carla.libcarla.LaneType.Driving, 'lane_type_str': 'Driving', 'is_in_junction': True, 'junction_id': 1221, 'distance_to_junction': 0.0, 'next_junction_id': -1, 'next_road_ids': [29], 'next_next_road_ids': [697], 'same_road_as_ego': False, 'same_direction_as_ego': False, 'lane_relative_to_ego': None, 'steer': -3.836723437375752e-06, 'vehicle_cuts_in': False}]
[debug] path = ../../../Bench2Drive-rep/OppositeVehicleRunningRedLight_Town03_Route119_Weather12/anno/00045.json.gz
[debug] 1
[debug] [2] relevant_objects = [{'class': 'vehicle', 'state': 'dynamic', 'id': '839', 'location': [9.856815338134766, -135.14508056640625, -3.154754449496977e-05], 'rotation': [-0.002868679352104664, 0.005122142378240824, -88.58648681640625], 'bbx_loc': [0.10949620604515076, 2.384185791015625e-07, 0.8174071311950684], 'center': [9.859590530395508, -135.25457763671875, 0.8173701167106628], 'extent': [2.6187572479248047, 0.9648797512054443, 0.819191575050354], 'world_cord': [[10.888850212097168, -137.84878540039062, 1.636344313621521], [10.888702392578125, -137.8487091064453, -0.0020388478878885508], [8.959677696228027, -137.89637756347656, 1.636516809463501], [8.959529876708984, -137.89630126953125, -0.001866330741904676], [10.759652137756348, -132.61285400390625, 1.6366064548492432], [10.759503364562988, -132.61277770996094, -0.0017766165547072887], [8.830479621887207, -132.66046142578125, 1.6367789506912231], [8.830330848693848, -132.66038513183594, -0.001604099408723414]], 'semantic_tags': [14], 'type_id': 'vehicle.dodge.charger_police_2020', 'color': '0,0,0', 'base_type': 'car', 'num_points': 524, 'distance': 10.18437362767824, 'speed': 16.65274811535433, 'brake': 0.0, 'light_state': '1539', 'road_id': 1334, 'lane_id': -2, 'section_id': 0, 'world2vehicle': [[0.024667935445904732, -0.9996957182884216, -5.006789797334932e-05, -135.34710693359375], [0.9996957182884216, 0.02466793917119503, -8.939825056586415e-05, -6.5200653076171875], [9.060611773747951e-05, -4.784739212482236e-05, 1.0, -0.0073278797790408134], [0.0, 0.0, 0.0, 1.0]], 'position': (9.74882282846755, -2.932674009624037, 0.310941900256838), 'yaw': -3.098967162446421, 'color_rgb': None, 'color_name': None, 'lane_type': carla.libcarla.LaneType.Driving, 'lane_type_str': 'Driving', 'is_in_junction': True, 'junction_id': 1221, 'distance_to_junction': 0.0, 'next_junction_id': -1, 'next_road_ids': [29], 'next_next_road_ids': [697], 'same_road_as_ego': False, 'same_direction_as_ego': False, 'lane_relative_to_ego': None, 'steer': -2.557825065776945e-06, 'vehicle_cuts_in': False}]
[debug] scenario_name = OppositeVehicleRunningRedLight
[debug] [3] relevant_objects = [{'class': 'vehicle', 'state': 'dynamic', 'id': '839', 'location': [9.856815338134766, -135.14508056640625, -3.154754449496977e-05], 'rotation': [-0.002868679352104664, 0.005122142378240824, -88.58648681640625], 'bbx_loc': [0.10949620604515076, 2.384185791015625e-07, 0.8174071311950684], 'center': [9.859590530395508, -135.25457763671875, 0.8173701167106628], 'extent': [2.6187572479248047, 0.9648797512054443, 0.819191575050354], 'world_cord': [[10.888850212097168, -137.84878540039062, 1.636344313621521], [10.888702392578125, -137.8487091064453, -0.0020388478878885508], [8.959677696228027, -137.89637756347656, 1.636516809463501], [8.959529876708984, -137.89630126953125, -0.001866330741904676], [10.759652137756348, -132.61285400390625, 1.6366064548492432], [10.759503364562988, -132.61277770996094, -0.0017766165547072887], [8.830479621887207, -132.66046142578125, 1.6367789506912231], [8.830330848693848, -132.66038513183594, -0.001604099408723414]], 'semantic_tags': [14], 'type_id': 'vehicle.dodge.charger_police_2020', 'color': '0,0,0', 'base_type': 'car', 'num_points': 524, 'distance': 10.18437362767824, 'speed': 16.65274811535433, 'brake': 0.0, 'light_state': '1539', 'road_id': 1334, 'lane_id': -2, 'section_id': 0, 'world2vehicle': [[0.024667935445904732, -0.9996957182884216, -5.006789797334932e-05, -135.34710693359375], [0.9996957182884216, 0.02466793917119503, -8.939825056586415e-05, -6.5200653076171875], [9.060611773747951e-05, -4.784739212482236e-05, 1.0, -0.0073278797790408134], [0.0, 0.0, 0.0, 1.0]], 'position': (9.74882282846755, -2.932674009624037, 0.310941900256838), 'yaw': -3.098967162446421, 'color_rgb': None, 'color_name': None, 'lane_type': carla.libcarla.LaneType.Driving, 'lane_type_str': 'Driving', 'is_in_junction': True, 'junction_id': 1221, 'distance_to_junction': 0.0, 'next_junction_id': -1, 'next_road_ids': [29], 'next_next_road_ids': [697], 'same_road_as_ego': False, 'same_direction_as_ego': False, 'lane_relative_to_ego': None, 'steer': -2.557825065776945e-06, 'vehicle_cuts_in': False}]
[debug] in second branch, relevant_objects = [{'class': 'vehicle', 'state': 'dynamic', 'id': '839', 'location': [9.856815338134766, -135.14508056640625, -3.154754449496977e-05], 'rotation': [-0.002868679352104664, 0.005122142378240824, -88.58648681640625], 'bbx_loc': [0.10949620604515076, 2.384185791015625e-07, 0.8174071311950684], 'center': [9.859590530395508, -135.25457763671875, 0.8173701167106628], 'extent': [2.6187572479248047, 0.9648797512054443, 0.819191575050354], 'world_cord': [[10.888850212097168, -137.84878540039062, 1.636344313621521], [10.888702392578125, -137.8487091064453, -0.0020388478878885508], [8.959677696228027, -137.89637756347656, 1.636516809463501], [8.959529876708984, -137.89630126953125, -0.001866330741904676], [10.759652137756348, -132.61285400390625, 1.6366064548492432], [10.759503364562988, -132.61277770996094, -0.0017766165547072887], [8.830479621887207, -132.66046142578125, 1.6367789506912231], [8.830330848693848, -132.66038513183594, -0.001604099408723414]], 'semantic_tags': [14], 'type_id': 'vehicle.dodge.charger_police_2020', 'color': '0,0,0', 'base_type': 'car', 'num_points': 524, 'distance': 10.18437362767824, 'speed': 16.65274811535433, 'brake': 0.0, 'light_state': '1539', 'road_id': 1334, 'lane_id': -2, 'section_id': 0, 'world2vehicle': [[0.024667935445904732, -0.9996957182884216, -5.006789797334932e-05, -135.34710693359375], [0.9996957182884216, 0.02466793917119503, -8.939825056586415e-05, -6.5200653076171875], [9.060611773747951e-05, -4.784739212482236e-05, 1.0, -0.0073278797790408134], [0.0, 0.0, 0.0, 1.0]], 'position': (9.74882282846755, -2.932674009624037, 0.310941900256838), 'yaw': -3.098967162446421, 'color_rgb': None, 'color_name': None, 'lane_type': carla.libcarla.LaneType.Driving, 'lane_type_str': 'Driving', 'is_in_junction': True, 'junction_id': 1221, 'distance_to_junction': 0.0, 'next_junction_id': -1, 'next_road_ids': [29], 'next_next_road_ids': [697], 'same_road_as_ego': False, 'same_direction_as_ego': False, 'lane_relative_to_ego': None, 'steer': -2.557825065776945e-06, 'vehicle_cuts_in': False}]
[debug] path = ../../../Bench2Drive-rep/OppositeVehicleRunningRedLight_Town03_Route119_Weather12/anno/00050.json.gz
[debug] 1
[debug] [2] relevant_objects = [{'class': 'vehicle', 'state': 'dynamic', 'id': '839', 'location': [10.06231689453125, -143.4720001220703, 0.00011909484601346776], 'rotation': [-0.002226641634479165, 0.0018545764032751322, -88.58660888671875], 'bbx_loc': [0.10949620604515076, 2.384185791015625e-07, 0.8174071311950684], 'center': [10.065045356750488, -143.5814971923828, 0.8175219893455505], 'extent': [2.6187572479248047, 0.9648797512054443, 0.819191575050354], 'world_cord': [[11.094252586364746, -146.17568969726562, 1.6365805864334106], [11.094198226928711, -146.17562866210938, -0.0018026066245511174], [9.165080070495605, -146.22328186035156, 1.6366430521011353], [9.16502571105957, -146.2232208251953, -0.0017401432851329446], [10.965065002441406, -140.93975830078125, 1.6367840766906738], [10.965010643005371, -140.939697265625, -0.0015990652609616518], [9.035892486572266, -140.98736572265625, 1.6368465423583984], [9.03583812713623, -140.9873046875, -0.0015366018051281571]], 'semantic_tags': [14], 'type_id': 'vehicle.dodge.charger_police_2020', 'color': '0,0,0', 'base_type': 'car', 'num_points': 439, 'distance': 10.904191072599183, 'speed': 16.652737384211324, 'brake': 0.0, 'light_state': '1539', 'road_id': 1334, 'lane_id': -2, 'section_id': 0, 'world2vehicle': [[0.024665789678692818, -0.9996957778930664, -3.886222839355469e-05, -143.6765594482422], [0.9996957778930664, 0.024665791541337967, -3.236846532672644e-05, -6.520404815673828], [3.331718471599743e-05, -3.8052010495448485e-05, 1.0, -0.0059137409552931786], [0.0, 0.0, 0.0, 1.0]], 'position': (9.573104065220981, 5.214105830372034, 0.286329177448716), 'yaw': -3.0827985788363317, 'color_rgb': None, 'color_name': None, 'lane_type': carla.libcarla.LaneType.Driving, 'lane_type_str': 'Driving', 'is_in_junction': True, 'junction_id': 1221, 'distance_to_junction': 0.0, 'next_junction_id': -1, 'next_road_ids': [29], 'next_next_road_ids': [697], 'same_road_as_ego': False, 'same_direction_as_ego': False, 'lane_relative_to_ego': None, 'steer': 0.0, 'vehicle_cuts_in': False}]
[debug] scenario_name = OppositeVehicleRunningRedLight
[debug] [3] relevant_objects = [{'class': 'vehicle', 'state': 'dynamic', 'id': '839', 'location': [10.06231689453125, -143.4720001220703, 0.00011909484601346776], 'rotation': [-0.002226641634479165, 0.0018545764032751322, -88.58660888671875], 'bbx_loc': [0.10949620604515076, 2.384185791015625e-07, 0.8174071311950684], 'center': [10.065045356750488, -143.5814971923828, 0.8175219893455505], 'extent': [2.6187572479248047, 0.9648797512054443, 0.819191575050354], 'world_cord': [[11.094252586364746, -146.17568969726562, 1.6365805864334106], [11.094198226928711, -146.17562866210938, -0.0018026066245511174], [9.165080070495605, -146.22328186035156, 1.6366430521011353], [9.16502571105957, -146.2232208251953, -0.0017401432851329446], [10.965065002441406, -140.93975830078125, 1.6367840766906738], [10.965010643005371, -140.939697265625, -0.0015990652609616518], [9.035892486572266, -140.98736572265625, 1.6368465423583984], [9.03583812713623, -140.9873046875, -0.0015366018051281571]], 'semantic_tags': [14], 'type_id': 'vehicle.dodge.charger_police_2020', 'color': '0,0,0', 'base_type': 'car', 'num_points': 439, 'distance': 10.904191072599183, 'speed': 16.652737384211324, 'brake': 0.0, 'light_state': '1539', 'road_id': 1334, 'lane_id': -2, 'section_id': 0, 'world2vehicle': [[0.024665789678692818, -0.9996957778930664, -3.886222839355469e-05, -143.6765594482422], [0.9996957778930664, 0.024665791541337967, -3.236846532672644e-05, -6.520404815673828], [3.331718471599743e-05, -3.8052010495448485e-05, 1.0, -0.0059137409552931786], [0.0, 0.0, 0.0, 1.0]], 'position': (9.573104065220981, 5.214105830372034, 0.286329177448716), 'yaw': -3.0827985788363317, 'color_rgb': None, 'color_name': None, 'lane_type': carla.libcarla.LaneType.Driving, 'lane_type_str': 'Driving', 'is_in_junction': True, 'junction_id': 1221, 'distance_to_junction': 0.0, 'next_junction_id': -1, 'next_road_ids': [29], 'next_next_road_ids': [697], 'same_road_as_ego': False, 'same_direction_as_ego': False, 'lane_relative_to_ego': None, 'steer': 0.0, 'vehicle_cuts_in': False}]
[debug] in second branch, relevant_objects = [{'class': 'vehicle', 'state': 'dynamic', 'id': '839', 'location': [10.06231689453125, -143.4720001220703, 0.00011909484601346776], 'rotation': [-0.002226641634479165, 0.0018545764032751322, -88.58660888671875], 'bbx_loc': [0.10949620604515076, 2.384185791015625e-07, 0.8174071311950684], 'center': [10.065045356750488, -143.5814971923828, 0.8175219893455505], 'extent': [2.6187572479248047, 0.9648797512054443, 0.819191575050354], 'world_cord': [[11.094252586364746, -146.17568969726562, 1.6365805864334106], [11.094198226928711, -146.17562866210938, -0.0018026066245511174], [9.165080070495605, -146.22328186035156, 1.6366430521011353], [9.16502571105957, -146.2232208251953, -0.0017401432851329446], [10.965065002441406, -140.93975830078125, 1.6367840766906738], [10.965010643005371, -140.939697265625, -0.0015990652609616518], [9.035892486572266, -140.98736572265625, 1.6368465423583984], [9.03583812713623, -140.9873046875, -0.0015366018051281571]], 'semantic_tags': [14], 'type_id': 'vehicle.dodge.charger_police_2020', 'color': '0,0,0', 'base_type': 'car', 'num_points': 439, 'distance': 10.904191072599183, 'speed': 16.652737384211324, 'brake': 0.0, 'light_state': '1539', 'road_id': 1334, 'lane_id': -2, 'section_id': 0, 'world2vehicle': [[0.024665789678692818, -0.9996957778930664, -3.886222839355469e-05, -143.6765594482422], [0.9996957778930664, 0.024665791541337967, -3.236846532672644e-05, -6.520404815673828], [3.331718471599743e-05, -3.8052010495448485e-05, 1.0, -0.0059137409552931786], [0.0, 0.0, 0.0, 1.0]], 'position': (9.573104065220981, 5.214105830372034, 0.286329177448716), 'yaw': -3.0827985788363317, 'color_rgb': None, 'color_name': None, 'lane_type': carla.libcarla.LaneType.Driving, 'lane_type_str': 'Driving', 'is_in_junction': True, 'junction_id': 1221, 'distance_to_junction': 0.0, 'next_junction_id': -1, 'next_road_ids': [29], 'next_next_road_ids': [697], 'same_road_as_ego': False, 'same_direction_as_ego': False, 'lane_relative_to_ego': None, 'steer': 0.0, 'vehicle_cuts_in': False}]
[debug] TODO: line 1463: lane_change related, has to be implemented.
[debug] path = ../../../Bench2Drive-rep/OppositeVehicleRunningRedLight_Town03_Route119_Weather12/anno/00055.json.gz
[debug] [2] relevant_objects = []
[debug] scenario_name = OppositeVehicleRunningRedLight
[debug] [3] relevant_objects = []
[debug] in second branch, relevant_objects = []
[debug] path = ../../../Bench2Drive-rep/OppositeVehicleRunningRedLight_Town03_Route119_Weather12/anno/00060.json.gz
[debug] [2] relevant_objects = []
[debug] scenario_name = OppositeVehicleRunningRedLight
[debug] [3] relevant_objects = []
[debug] in second branch, relevant_objects = []
[debug] path = ../../../Bench2Drive-rep/OppositeVehicleRunningRedLight_Town03_Route119_Weather12/anno/00065.json.gz
[debug] [2] relevant_objects = []
[debug] scenario_name = OppositeVehicleRunningRedLight
[debug] [3] relevant_objects = []
[debug] in second branch, relevant_objects = []
[debug] path = ../../../Bench2Drive-rep/OppositeVehicleRunningRedLight_Town03_Route119_Weather12/anno/00070.json.gz
[debug] [2] relevant_objects = []
[debug] scenario_name = OppositeVehicleRunningRedLight
[debug] [3] relevant_objects = []
[debug] in second branch, relevant_objects = []
[debug] path = ../../../Bench2Drive-rep/OppositeVehicleRunningRedLight_Town03_Route119_Weather12/anno/00075.json.gz
[debug] [2] relevant_objects = []
[debug] scenario_name = OppositeVehicleRunningRedLight
[debug] [3] relevant_objects = []
[debug] in second branch, relevant_objects = []
[debug] path = ../../../Bench2Drive-rep/OppositeVehicleRunningRedLight_Town03_Route119_Weather12/anno/00080.json.gz
[debug] [2] relevant_objects = []
[debug] scenario_name = OppositeVehicleRunningRedLight
[debug] [3] relevant_objects = []
[debug] in second branch, relevant_objects = []
[debug] path = ../../../Bench2Drive-rep/OppositeVehicleRunningRedLight_Town03_Route119_Weather12/anno/00085.json.gz
[debug] [2] relevant_objects = []
[debug] scenario_name = OppositeVehicleRunningRedLight
[debug] [3] relevant_objects = []
[debug] in second branch, relevant_objects = []
[debug] path = ../../../Bench2Drive-rep/OppositeVehicleRunningRedLight_Town03_Route119_Weather12/anno/00090.json.gz
[debug] [2] relevant_objects = []
[debug] scenario_name = OppositeVehicleRunningRedLight
[debug] [3] relevant_objects = []
[debug] in second branch, relevant_objects = []
[debug] path = ../../../Bench2Drive-rep/OppositeVehicleRunningRedLight_Town03_Route119_Weather12/anno/00095.json.gz
[debug] [2] relevant_objects = []
[debug] scenario_name = OppositeVehicleRunningRedLight
[debug] [3] relevant_objects = []
[debug] in second branch, relevant_objects = []
[debug] path = ../../../Bench2Drive-rep/OppositeVehicleRunningRedLight_Town03_Route119_Weather12/anno/00100.json.gz
[debug] [2] relevant_objects = []
[debug] scenario_name = OppositeVehicleRunningRedLight
[debug] [3] relevant_objects = []
[debug] in second branch, relevant_objects = []
[debug] path = ../../../Bench2Drive-rep/OppositeVehicleRunningRedLight_Town03_Route119_Weather12/anno/00105.json.gz
[debug] [2] relevant_objects = []
[debug] scenario_name = OppositeVehicleRunningRedLight
[debug] [3] relevant_objects = []
[debug] in second branch, relevant_objects = []
[debug] path = ../../../Bench2Drive-rep/OppositeVehicleRunningRedLight_Town03_Route119_Weather12/anno/00110.json.gz
[debug] [2] relevant_objects = []
[debug] scenario_name = OppositeVehicleRunningRedLight
[debug] [3] relevant_objects = []
[debug] in second branch, relevant_objects = []
[debug] path = ../../../Bench2Drive-rep/OppositeVehicleRunningRedLight_Town03_Route119_Weather12/anno/00115.json.gz
[debug] [2] relevant_objects = []
[debug] scenario_name = OppositeVehicleRunningRedLight
[debug] [3] relevant_objects = []
[debug] in second branch, relevant_objects = []
[debug] path = ../../../Bench2Drive-rep/OppositeVehicleRunningRedLight_Town03_Route119_Weather12/anno/00120.json.gz
[debug] [2] relevant_objects = []
[debug] scenario_name = OppositeVehicleRunningRedLight
[debug] [3] relevant_objects = []
[debug] in second branch, relevant_objects = []
[debug] path = ../../../Bench2Drive-rep/OppositeVehicleRunningRedLight_Town03_Route119_Weather12/anno/00125.json.gz
[debug] [2] relevant_objects = []
[debug] scenario_name = OppositeVehicleRunningRedLight
[debug] [3] relevant_objects = []
[debug] in second branch, relevant_objects = []
[debug] path = ../../../Bench2Drive-rep/OppositeVehicleRunningRedLight_Town03_Route119_Weather12/anno/00130.json.gz
[debug] [2] relevant_objects = []
[debug] scenario_name = OppositeVehicleRunningRedLight
[debug] [3] relevant_objects = []
[debug] in second branch, relevant_objects = []
[debug] path = ../../../Bench2Drive-rep/OppositeVehicleRunningRedLight_Town15_Route440_Weather23/anno/00000.json.gz
[debug] [2] relevant_objects = []
[debug] scenario_name = OppositeVehicleRunningRedLight
[debug] [3] relevant_objects = []
[debug] in second branch, relevant_objects = []
[debug] path = ../../../Bench2Drive-rep/OppositeVehicleRunningRedLight_Town15_Route440_Weather23/anno/00005.json.gz
[debug] [2] relevant_objects = []
[debug] scenario_name = OppositeVehicleRunningRedLight
[debug] [3] relevant_objects = []
[debug] in second branch, relevant_objects = []
[debug] path = ../../../Bench2Drive-rep/OppositeVehicleRunningRedLight_Town15_Route440_Weather23/anno/00010.json.gz
[debug] [2] relevant_objects = []
[debug] scenario_name = OppositeVehicleRunningRedLight
[debug] [3] relevant_objects = []
[debug] in second branch, relevant_objects = []
[debug] path = ../../../Bench2Drive-rep/OppositeVehicleRunningRedLight_Town15_Route440_Weather23/anno/00015.json.gz
[debug] [2] relevant_objects = []
[debug] scenario_name = OppositeVehicleRunningRedLight
[debug] [3] relevant_objects = []
[debug] in second branch, relevant_objects = []
[debug] path = ../../../Bench2Drive-rep/OppositeVehicleRunningRedLight_Town15_Route440_Weather23/anno/00020.json.gz
[debug] [2] relevant_objects = []
[debug] scenario_name = OppositeVehicleRunningRedLight
[debug] [3] relevant_objects = []
[debug] in second branch, relevant_objects = []
[debug] path = ../../../Bench2Drive-rep/OppositeVehicleRunningRedLight_Town15_Route440_Weather23/anno/00025.json.gz
[debug] [2] relevant_objects = []
[debug] scenario_name = OppositeVehicleRunningRedLight
[debug] [3] relevant_objects = []
[debug] in second branch, relevant_objects = []
[debug] path = ../../../Bench2Drive-rep/OppositeVehicleRunningRedLight_Town15_Route440_Weather23/anno/00030.json.gz
[debug] [2] relevant_objects = []
[debug] scenario_name = OppositeVehicleRunningRedLight
[debug] [3] relevant_objects = []
[debug] in second branch, relevant_objects = []
[debug] path = ../../../Bench2Drive-rep/OppositeVehicleRunningRedLight_Town15_Route440_Weather23/anno/00035.json.gz
[debug] [2] relevant_objects = []
[debug] scenario_name = OppositeVehicleRunningRedLight
[debug] [3] relevant_objects = []
[debug] in second branch, relevant_objects = []
[debug] path = ../../../Bench2Drive-rep/OppositeVehicleRunningRedLight_Town15_Route440_Weather23/anno/00040.json.gz
[debug] [2] relevant_objects = []
[debug] scenario_name = OppositeVehicleRunningRedLight
[debug] [3] relevant_objects = []
[debug] in second branch, relevant_objects = []
[debug] path = ../../../Bench2Drive-rep/OppositeVehicleRunningRedLight_Town15_Route440_Weather23/anno/00045.json.gz
[debug] [2] relevant_objects = []
[debug] scenario_name = OppositeVehicleRunningRedLight
[debug] [3] relevant_objects = []
[debug] in second branch, relevant_objects = []
[debug] path = ../../../Bench2Drive-rep/OppositeVehicleRunningRedLight_Town15_Route440_Weather23/anno/00050.json.gz
[debug] [2] relevant_objects = []
[debug] scenario_name = OppositeVehicleRunningRedLight
[debug] [3] relevant_objects = []
[debug] in second branch, relevant_objects = []
[debug] path = ../../../Bench2Drive-rep/OppositeVehicleRunningRedLight_Town15_Route440_Weather23/anno/00055.json.gz
[debug] 1
[debug] [2] relevant_objects = [{'class': 'vehicle', 'state': 'dynamic', 'id': '223', 'location': [977.3759155273438, 452.5595703125, 121.76034545898438], 'rotation': [0.2503127455711365, -0.0005187991191633046, -37.674537658691406], 'bbx_loc': [-0.2534654140472412, 0.0052818418480455875, 1.9133529663085938], 'center': [977.171875, 452.7237548828125, 123.67256927490234], 'extent': [4.234020709991455, 1.4455441236495972, 1.9137061834335327], 'world_cord': [[981.39990234375, 451.2852783203125, 125.60477447509766], [981.4132080078125, 451.27508544921875, 121.77739715576172], [979.6329956054688, 448.99700927734375, 125.60474395751953], [979.646240234375, 448.98681640625, 121.7773666381836], [974.6975708007812, 456.460693359375, 125.56777954101562], [974.7108154296875, 456.45050048828125, 121.74040222167969], [972.9306030273438, 454.17242431640625, 125.5677490234375], [972.94384765625, 454.1622314453125, 121.74037170410156]], 'semantic_tags': [15], 'type_id': 'vehicle.carlamotors.firetruck', 'color': '234,0,0', 'base_type': 'truck', 'num_points': 872, 'distance': 14.149032844239496, 'speed': 16.634312369351434, 'brake': 0.0, 'light_state': '1539', 'road_id': 1330, 'lane_id': -2, 'section_id': 0, 'world2vehicle': [[0.7914876341819763, -0.6111695170402527, 0.004368767607957125, -497.52227783203125], [0.6111752986907959, 0.7914952039718628, 9.054666406882461e-06, -955.5478515625], [-0.0034633928444236517, 0.002662916434928775, 0.9999904632568359, -119.57927703857422], [0.0, 0.0, 0.0, 1.0]], 'position': (3.0726143757392492, -13.811067295893736, 0.09692319158989449), 'yaw': -2.096946543875546, 'color_rgb': None, 'color_name': None, 'lane_type': carla.libcarla.LaneType.Driving, 'lane_type_str': 'Driving', 'is_in_junction': True, 'junction_id': 1306, 'distance_to_junction': 0.0, 'next_junction_id': -1, 'next_road_ids': [234], 'next_next_road_ids': [1430], 'same_road_as_ego': False, 'same_direction_as_ego': False, 'lane_relative_to_ego': None, 'steer': 2.560771444801092e-05, 'vehicle_cuts_in': False}]
[debug] scenario_name = OppositeVehicleRunningRedLight
[debug] [3] relevant_objects = [{'class': 'vehicle', 'state': 'dynamic', 'id': '223', 'location': [977.3759155273438, 452.5595703125, 121.76034545898438], 'rotation': [0.2503127455711365, -0.0005187991191633046, -37.674537658691406], 'bbx_loc': [-0.2534654140472412, 0.0052818418480455875, 1.9133529663085938], 'center': [977.171875, 452.7237548828125, 123.67256927490234], 'extent': [4.234020709991455, 1.4455441236495972, 1.9137061834335327], 'world_cord': [[981.39990234375, 451.2852783203125, 125.60477447509766], [981.4132080078125, 451.27508544921875, 121.77739715576172], [979.6329956054688, 448.99700927734375, 125.60474395751953], [979.646240234375, 448.98681640625, 121.7773666381836], [974.6975708007812, 456.460693359375, 125.56777954101562], [974.7108154296875, 456.45050048828125, 121.74040222167969], [972.9306030273438, 454.17242431640625, 125.5677490234375], [972.94384765625, 454.1622314453125, 121.74037170410156]], 'semantic_tags': [15], 'type_id': 'vehicle.carlamotors.firetruck', 'color': '234,0,0', 'base_type': 'truck', 'num_points': 872, 'distance': 14.149032844239496, 'speed': 16.634312369351434, 'brake': 0.0, 'light_state': '1539', 'road_id': 1330, 'lane_id': -2, 'section_id': 0, 'world2vehicle': [[0.7914876341819763, -0.6111695170402527, 0.004368767607957125, -497.52227783203125], [0.6111752986907959, 0.7914952039718628, 9.054666406882461e-06, -955.5478515625], [-0.0034633928444236517, 0.002662916434928775, 0.9999904632568359, -119.57927703857422], [0.0, 0.0, 0.0, 1.0]], 'position': (3.0726143757392492, -13.811067295893736, 0.09692319158989449), 'yaw': -2.096946543875546, 'color_rgb': None, 'color_name': None, 'lane_type': carla.libcarla.LaneType.Driving, 'lane_type_str': 'Driving', 'is_in_junction': True, 'junction_id': 1306, 'distance_to_junction': 0.0, 'next_junction_id': -1, 'next_road_ids': [234], 'next_next_road_ids': [1430], 'same_road_as_ego': False, 'same_direction_as_ego': False, 'lane_relative_to_ego': None, 'steer': 2.560771444801092e-05, 'vehicle_cuts_in': False}]
[debug] in second branch, relevant_objects = [{'class': 'vehicle', 'state': 'dynamic', 'id': '223', 'location': [977.3759155273438, 452.5595703125, 121.76034545898438], 'rotation': [0.2503127455711365, -0.0005187991191633046, -37.674537658691406], 'bbx_loc': [-0.2534654140472412, 0.0052818418480455875, 1.9133529663085938], 'center': [977.171875, 452.7237548828125, 123.67256927490234], 'extent': [4.234020709991455, 1.4455441236495972, 1.9137061834335327], 'world_cord': [[981.39990234375, 451.2852783203125, 125.60477447509766], [981.4132080078125, 451.27508544921875, 121.77739715576172], [979.6329956054688, 448.99700927734375, 125.60474395751953], [979.646240234375, 448.98681640625, 121.7773666381836], [974.6975708007812, 456.460693359375, 125.56777954101562], [974.7108154296875, 456.45050048828125, 121.74040222167969], [972.9306030273438, 454.17242431640625, 125.5677490234375], [972.94384765625, 454.1622314453125, 121.74037170410156]], 'semantic_tags': [15], 'type_id': 'vehicle.carlamotors.firetruck', 'color': '234,0,0', 'base_type': 'truck', 'num_points': 872, 'distance': 14.149032844239496, 'speed': 16.634312369351434, 'brake': 0.0, 'light_state': '1539', 'road_id': 1330, 'lane_id': -2, 'section_id': 0, 'world2vehicle': [[0.7914876341819763, -0.6111695170402527, 0.004368767607957125, -497.52227783203125], [0.6111752986907959, 0.7914952039718628, 9.054666406882461e-06, -955.5478515625], [-0.0034633928444236517, 0.002662916434928775, 0.9999904632568359, -119.57927703857422], [0.0, 0.0, 0.0, 1.0]], 'position': (3.0726143757392492, -13.811067295893736, 0.09692319158989449), 'yaw': -2.096946543875546, 'color_rgb': None, 'color_name': None, 'lane_type': carla.libcarla.LaneType.Driving, 'lane_type_str': 'Driving', 'is_in_junction': True, 'junction_id': 1306, 'distance_to_junction': 0.0, 'next_junction_id': -1, 'next_road_ids': [234], 'next_next_road_ids': [1430], 'same_road_as_ego': False, 'same_direction_as_ego': False, 'lane_relative_to_ego': None, 'steer': 2.560771444801092e-05, 'vehicle_cuts_in': False}]
[debug] path = ../../../Bench2Drive-rep/OppositeVehicleRunningRedLight_Town15_Route440_Weather23/anno/00060.json.gz
[debug] 1
[debug] [2] relevant_objects = [{'class': 'vehicle', 'state': 'dynamic', 'id': '223', 'location': [983.9609985351562, 447.474609375, 121.7497787475586], 'rotation': [-0.15277083218097687, -0.0006103502819314599, -37.673316955566406], 'bbx_loc': [-0.2534654140472412, 0.0052818418480455875, 1.9133529663085938], 'center': [983.7676391601562, 447.63055419921875, 123.66380310058594], 'extent': [4.234020709991455, 1.4455441236495972, 1.9137061834335327], 'world_cord': [[988.00634765625, 446.1839294433594, 125.56622314453125], [987.998291015625, 446.1902160644531, 121.73883056640625], [986.2394409179688, 443.8956298828125, 125.56619262695312], [986.2313842773438, 443.9018859863281, 121.73880004882812], [981.3038940429688, 451.3592224121094, 125.58880615234375], [981.2958374023438, 451.3655090332031, 121.76140594482422], [979.5369262695312, 449.0709228515625, 125.58877563476562], [979.5288696289062, 449.0771789550781, 121.7613754272461]], 'semantic_tags': [15], 'type_id': 'vehicle.carlamotors.firetruck', 'color': '234,0,0', 'base_type': 'truck', 'num_points': 5235, 'distance': 6.756897722191414, 'speed': 16.634423899911926, 'brake': 0.0, 'light_state': '1539', 'road_id': 1330, 'lane_id': -2, 'section_id': 0, 'world2vehicle': [[0.7915054559707642, -0.6111562848091125, -0.0026663506869226694, -505.0089416503906], [0.6111584901809692, 0.7915082573890686, 1.065258402377367e-05, -955.5372924804688], [0.002103928243741393, -0.001637994428165257, 0.9999964237213135, -123.08656311035156], [0.0, 0.0, 0.0, 1.0]], 'position': (3.9699789205915295, -5.467557967880111, 0.003958551011244094), 'yaw': -2.1145323286597204, 'color_rgb': None, 'color_name': None, 'lane_type': carla.libcarla.LaneType.Driving, 'lane_type_str': 'Driving', 'is_in_junction': True, 'junction_id': 1306, 'distance_to_junction': 0.0, 'next_junction_id': -1, 'next_road_ids': [234], 'next_next_road_ids': [1430], 'same_road_as_ego': False, 'same_direction_as_ego': False, 'lane_relative_to_ego': None, 'steer': 1.0314143559519832e-05, 'vehicle_cuts_in': False}]
[debug] scenario_name = OppositeVehicleRunningRedLight
[debug] [3] relevant_objects = [{'class': 'vehicle', 'state': 'dynamic', 'id': '223', 'location': [983.9609985351562, 447.474609375, 121.7497787475586], 'rotation': [-0.15277083218097687, -0.0006103502819314599, -37.673316955566406], 'bbx_loc': [-0.2534654140472412, 0.0052818418480455875, 1.9133529663085938], 'center': [983.7676391601562, 447.63055419921875, 123.66380310058594], 'extent': [4.234020709991455, 1.4455441236495972, 1.9137061834335327], 'world_cord': [[988.00634765625, 446.1839294433594, 125.56622314453125], [987.998291015625, 446.1902160644531, 121.73883056640625], [986.2394409179688, 443.8956298828125, 125.56619262695312], [986.2313842773438, 443.9018859863281, 121.73880004882812], [981.3038940429688, 451.3592224121094, 125.58880615234375], [981.2958374023438, 451.3655090332031, 121.76140594482422], [979.5369262695312, 449.0709228515625, 125.58877563476562], [979.5288696289062, 449.0771789550781, 121.7613754272461]], 'semantic_tags': [15], 'type_id': 'vehicle.carlamotors.firetruck', 'color': '234,0,0', 'base_type': 'truck', 'num_points': 5235, 'distance': 6.756897722191414, 'speed': 16.634423899911926, 'brake': 0.0, 'light_state': '1539', 'road_id': 1330, 'lane_id': -2, 'section_id': 0, 'world2vehicle': [[0.7915054559707642, -0.6111562848091125, -0.0026663506869226694, -505.0089416503906], [0.6111584901809692, 0.7915082573890686, 1.065258402377367e-05, -955.5372924804688], [0.002103928243741393, -0.001637994428165257, 0.9999964237213135, -123.08656311035156], [0.0, 0.0, 0.0, 1.0]], 'position': (3.9699789205915295, -5.467557967880111, 0.003958551011244094), 'yaw': -2.1145323286597204, 'color_rgb': None, 'color_name': None, 'lane_type': carla.libcarla.LaneType.Driving, 'lane_type_str': 'Driving', 'is_in_junction': True, 'junction_id': 1306, 'distance_to_junction': 0.0, 'next_junction_id': -1, 'next_road_ids': [234], 'next_next_road_ids': [1430], 'same_road_as_ego': False, 'same_direction_as_ego': False, 'lane_relative_to_ego': None, 'steer': 1.0314143559519832e-05, 'vehicle_cuts_in': False}]
