[debug] path = ../../../Bench2Drive-rep/VehicleOpensDoorTwoWays_Town12_Route1196_Weather0/anno/00000.json.gz
[debug] 2
[debug] scenario_name = VehicleOpensDoorTwoWays
[debug] 3
[debug] in second branch, relevant_objects = []
[debug] path = ../../../Bench2Drive-rep/VehicleOpensDoorTwoWays_Town12_Route1196_Weather0/anno/00005.json.gz
[debug] 2
[debug] scenario_name = VehicleOpensDoorTwoWays
[debug] 3
[debug] in second branch, relevant_objects = []
[debug] path = ../../../Bench2Drive-rep/VehicleOpensDoorTwoWays_Town12_Route1196_Weather0/anno/00010.json.gz
[debug] 2
[debug] scenario_name = VehicleOpensDoorTwoWays
[debug] 3
[debug] in second branch, relevant_objects = []
[debug] path = ../../../Bench2Drive-rep/VehicleOpensDoorTwoWays_Town12_Route1196_Weather0/anno/00015.json.gz
[debug] 2
[debug] scenario_name = VehicleOpensDoorTwoWays
[debug] 3
[debug] in second branch, relevant_objects = []
[debug] path = ../../../Bench2Drive-rep/VehicleOpensDoorTwoWays_Town12_Route1196_Weather0/anno/00020.json.gz
[debug] 2
[debug] scenario_name = VehicleOpensDoorTwoWays
[debug] 3
[debug] in second branch, relevant_objects = []
[debug] path = ../../../Bench2Drive-rep/VehicleOpensDoorTwoWays_Town12_Route1196_Weather0/anno/00025.json.gz
[debug] 2
[debug] scenario_name = VehicleOpensDoorTwoWays
[debug] 3
[debug] in second branch, relevant_objects = []
[debug] path = ../../../Bench2Drive-rep/VehicleOpensDoorTwoWays_Town12_Route1196_Weather0/anno/00030.json.gz
[debug] 2
[debug] scenario_name = VehicleOpensDoorTwoWays
[debug] 3
[debug] in second branch, relevant_objects = []
[debug] path = ../../../Bench2Drive-rep/VehicleOpensDoorTwoWays_Town12_Route1196_Weather0/anno/00035.json.gz
[debug] 2
[debug] scenario_name = VehicleOpensDoorTwoWays
[debug] 3
[debug] in second branch, relevant_objects = []
[debug] path = ../../../Bench2Drive-rep/VehicleOpensDoorTwoWays_Town12_Route1196_Weather0/anno/00040.json.gz
[debug] 2
[debug] scenario_name = VehicleOpensDoorTwoWays
[debug] 3
[debug] in second branch, relevant_objects = []
[debug] path = ../../../Bench2Drive-rep/VehicleOpensDoorTwoWays_Town12_Route1196_Weather0/anno/00045.json.gz
[debug] 2
[debug] scenario_name = VehicleOpensDoorTwoWays
[debug] 3
[debug] in second branch, relevant_objects = []
[debug] path = ../../../Bench2Drive-rep/VehicleOpensDoorTwoWays_Town12_Route1196_Weather0/anno/00050.json.gz
[debug] 2
[debug] scenario_name = VehicleOpensDoorTwoWays
[debug] 3
[debug] in second branch, relevant_objects = []
[debug] path = ../../../Bench2Drive-rep/VehicleOpensDoorTwoWays_Town12_Route1196_Weather0/anno/00055.json.gz
[debug] 1
[debug] 2
[debug] scenario_name = VehicleOpensDoorTwoWays
[debug] 3
[debug] in second branch, relevant_objects = [{'class': 'vehicle', 'state': 'dynamic', 'id': '56761', 'location': [3951.638671875, 4528.95751953125, 368.491943359375], 'rotation': [0.012444604188203812, -5.611727714538574, 99.03253936767578], 'bbx_loc': [-0.0026168259792029858, -3.361463313922286e-05, 0.720352053642273], 'center': [3951.708740234375, 4528.9658203125, 369.2088317871094], 'extent': [2.3368194103240967, 0.9059062600135803, 0.7209736704826355], 'world_cord': [[3950.52099609375, 4531.14306640625, 370.01544189453125], [3950.3818359375, 4531.12109375, 368.5804138183594], [3952.3017578125, 4531.42626953125, 369.8382873535156], [3952.16259765625, 4531.404296875, 368.4032287597656], [3951.2548828125, 4526.52734375, 370.0144348144531], [3951.115478515625, 4526.50537109375, 368.57940673828125], [3953.03564453125, 4526.810546875, 369.8372497558594], [3952.896240234375, 4526.78857421875, 368.4022216796875]], 'semantic_tags': [14], 'type_id': 'vehicle.mercedes.coupe_2020', 'color': '187,187,187', 'base_type': 'car', 'num_points': 11, 'distance': 37.47731516473712, 'speed': 0.0, 'brake': 0.0, 'light_state': 'NONE', 'road_id': 885, 'lane_id': -3, 'section_id': 0, 'world2vehicle': [[-0.15699535608291626, 0.9875993132591248, 0.0002171993110096082, -3852.486572265625], [-0.9828628301620483, -0.15626393258571625, 0.09778661280870438, 4555.59765625], [0.09660793095827103, 0.015138566493988037, 0.9952074289321899, -817.0474853515625], [0.0, 0.0, 0.0, 1.0]], 'position': (37.38313430329163, 2.657108341042658, 0.025885141078106244), 'yaw': 1.7163210361367505, 'color_rgb': None, 'color_name': None, 'lane_type': carla.libcarla.LaneType.Shoulder, 'lane_type_str': 'Shoulder', 'is_in_junction': False, 'junction_id': -1, 'distance_to_junction': 45.00002670288086, 'next_junction_id': 19816, 'next_road_ids': [19820], 'next_next_road_ids': [886], 'same_road_as_ego': True, 'same_direction_as_ego': True, 'lane_relative_to_ego': 1, 'steer': 0.0, 'vehicle_cuts_in': False}]
[debug] open door, distance = 37.47731516473712
[debug] detected vehicle, but door not open
[debug] path = ../../../Bench2Drive-rep/VehicleOpensDoorTwoWays_Town12_Route1196_Weather0/anno/00060.json.gz
[debug] 1
[debug] 2
[debug] scenario_name = VehicleOpensDoorTwoWays
[debug] 3
[debug] in second branch, relevant_objects = [{'class': 'vehicle', 'state': 'dynamic', 'id': '56761', 'location': [3951.638671875, 4528.95751953125, 368.491943359375], 'rotation': [0.012444604188203812, -5.611727714538574, 99.03253936767578], 'bbx_loc': [-0.0026168259792029858, -3.361463313922286e-05, 0.720352053642273], 'center': [3951.708740234375, 4528.9658203125, 369.2088317871094], 'extent': [2.3368194103240967, 0.9059062600135803, 0.7209736704826355], 'world_cord': [[3950.52099609375, 4531.14306640625, 370.01544189453125], [3950.3818359375, 4531.12109375, 368.5804138183594], [3952.3017578125, 4531.42626953125, 369.8382873535156], [3952.16259765625, 4531.404296875, 368.4032287597656], [3951.2548828125, 4526.52734375, 370.0144348144531], [3951.115478515625, 4526.50537109375, 368.57940673828125], [3953.03564453125, 4526.810546875, 369.8372497558594], [3952.896240234375, 4526.78857421875, 368.4022216796875]], 'semantic_tags': [14], 'type_id': 'vehicle.mercedes.coupe_2020', 'color': '187,187,187', 'base_type': 'car', 'num_points': 22, 'distance': 33.262269714953156, 'speed': 0.0, 'brake': 0.0, 'light_state': 'NONE', 'road_id': 885, 'lane_id': -3, 'section_id': 0, 'world2vehicle': [[-0.15699535608291626, 0.9875993132591248, 0.0002171993110096082, -3852.486572265625], [-0.9828628301620483, -0.15626393258571625, 0.09778661280870438, 4555.59765625], [0.09660793095827103, 0.015138566493988037, 0.9952074289321899, -817.0474853515625], [0.0, 0.0, 0.0, 1.0]], 'position': (33.222223377357295, 1.6316590366504897, 0.05670047606548678), 'yaw': 1.744675712262824, 'color_rgb': None, 'color_name': None, 'lane_type': carla.libcarla.LaneType.Shoulder, 'lane_type_str': 'Shoulder', 'is_in_junction': False, 'junction_id': -1, 'distance_to_junction': 45.00002670288086, 'next_junction_id': 19816, 'next_road_ids': [19820], 'next_next_road_ids': [886], 'same_road_as_ego': True, 'same_direction_as_ego': True, 'lane_relative_to_ego': 1, 'steer': 0.0, 'vehicle_cuts_in': False}]
[debug] open door, distance = 33.262269714953156
[debug] detected vehicle, but door not open
[debug] path = ../../../Bench2Drive-rep/VehicleOpensDoorTwoWays_Town12_Route1196_Weather0/anno/00065.json.gz
[debug] 1
[debug] 2
[debug] scenario_name = VehicleOpensDoorTwoWays
[debug] 3
[debug] in second branch, relevant_objects = [{'class': 'vehicle', 'state': 'dynamic', 'id': '56761', 'location': [3951.638671875, 4528.95751953125, 368.491943359375], 'rotation': [0.012444604188203812, -5.611727714538574, 99.03253936767578], 'bbx_loc': [-0.0026168259792029858, -3.361463313922286e-05, 0.720352053642273], 'center': [3951.708740234375, 4528.9658203125, 369.2088317871094], 'extent': [2.3368194103240967, 0.9059062600135803, 0.7209736704826355], 'world_cord': [[3950.52099609375, 4531.14306640625, 370.01544189453125], [3950.3818359375, 4531.12109375, 368.5804138183594], [3952.3017578125, 4531.42626953125, 369.8382873535156], [3952.16259765625, 4531.404296875, 368.4032287597656], [3951.2548828125, 4526.52734375, 370.0144348144531], [3951.115478515625, 4526.50537109375, 368.57940673828125], [3953.03564453125, 4526.810546875, 369.8372497558594], [3952.896240234375, 4526.78857421875, 368.4022216796875]], 'semantic_tags': [14], 'type_id': 'vehicle.mercedes.coupe_2020', 'color': '187,187,187', 'base_type': 'car', 'num_points': 20, 'distance': 29.20516795813794, 'speed': 0.0, 'brake': 0.0, 'light_state': 'NONE', 'road_id': 885, 'lane_id': -3, 'section_id': 0, 'world2vehicle': [[-0.15699535608291626, 0.9875993132591248, 0.0002171993110096082, -3852.486572265625], [-0.9828628301620483, -0.15626393258571625, 0.09778661280870438, 4555.59765625], [0.09660793095827103, 0.015138566493988037, 0.9952074289321899, -817.0474853515625], [0.0, 0.0, 0.0, 1.0]], 'position': (29.16014706043825, 1.6251412842420905, 0.1062055312838055), 'yaw': 1.7449147309706587, 'color_rgb': None, 'color_name': None, 'lane_type': carla.libcarla.LaneType.Shoulder, 'lane_type_str': 'Shoulder', 'is_in_junction': False, 'junction_id': -1, 'distance_to_junction': 45.00002670288086, 'next_junction_id': 19816, 'next_road_ids': [19820], 'next_next_road_ids': [886], 'same_road_as_ego': True, 'same_direction_as_ego': True, 'lane_relative_to_ego': 1, 'steer': 0.0, 'vehicle_cuts_in': False}]
[debug] open door, distance = 29.20516795813794
[debug] detected vehicle, but door not open
[debug] path = ../../../Bench2Drive-rep/VehicleOpensDoorTwoWays_Town12_Route1196_Weather0/anno/00070.json.gz
[debug] 1
[debug] 2
[debug] scenario_name = VehicleOpensDoorTwoWays
[debug] 3
[debug] in second branch, relevant_objects = [{'class': 'vehicle', 'state': 'dynamic', 'id': '56761', 'location': [3951.638671875, 4528.95751953125, 368.491943359375], 'rotation': [0.012444604188203812, -5.611727714538574, 99.03253936767578], 'bbx_loc': [-0.0026168259792029858, -3.361463313922286e-05, 0.720352053642273], 'center': [3951.708740234375, 4528.9658203125, 369.2088317871094], 'extent': [2.3368194103240967, 0.9059062600135803, 0.7209736704826355], 'world_cord': [[3950.52099609375, 4531.14306640625, 370.01544189453125], [3950.3818359375, 4531.12109375, 368.5804138183594], [3952.3017578125, 4531.42626953125, 369.8382873535156], [3952.16259765625, 4531.404296875, 368.4032287597656], [3951.2548828125, 4526.52734375, 370.0144348144531], [3951.115478515625, 4526.50537109375, 368.57940673828125], [3953.03564453125, 4526.810546875, 369.8372497558594], [3952.896240234375, 4526.78857421875, 368.4022216796875]], 'semantic_tags': [14], 'type_id': 'vehicle.mercedes.coupe_2020', 'color': '187,187,187', 'base_type': 'car', 'num_points': 34, 'distance': 25.248041748603494, 'speed': 0.0, 'brake': 0.0, 'light_state': 'NONE', 'road_id': 885, 'lane_id': -3, 'section_id': 0, 'world2vehicle': [[-0.15699535608291626, 0.9875993132591248, 0.0002171993110096082, -3852.486572265625], [-0.9828628301620483, -0.15626393258571625, 0.09778661280870438, 4555.59765625], [0.09660793095827103, 0.015138566493988037, 0.9952074289321899, -817.0474853515625], [0.0, 0.0, 0.0, 1.0]], 'position': (25.09381074051271, 2.7856408455381825, 0.0690036063072057), 'yaw': 1.705061590522059, 'color_rgb': None, 'color_name': None, 'lane_type': carla.libcarla.LaneType.Shoulder, 'lane_type_str': 'Shoulder', 'is_in_junction': False, 'junction_id': -1, 'distance_to_junction': 45.00002670288086, 'next_junction_id': 19816, 'next_road_ids': [19820], 'next_next_road_ids': [886], 'same_road_as_ego': True, 'same_direction_as_ego': True, 'lane_relative_to_ego': 1, 'steer': -0.31849837743077697, 'vehicle_cuts_in': False}]
[debug] open door, distance = 25.248041748603494
[debug] detected vehicle, but door not open
[debug] path = ../../../Bench2Drive-rep/VehicleOpensDoorTwoWays_Town12_Route1196_Weather0/anno/00075.json.gz
[debug] 1
[debug] 2
[debug] scenario_name = VehicleOpensDoorTwoWays
[debug] 3
[debug] in second branch, relevant_objects = [{'class': 'vehicle', 'state': 'dynamic', 'id': '56761', 'location': [3951.6376953125, 4528.95751953125, 368.49139404296875], 'rotation': [0.032347775995731354, -5.553378582000732, 99.0304946899414], 'bbx_loc': [-0.0026168259792029858, -3.361463313922286e-05, 0.720352053642273], 'center': [3951.70703125, 4528.96533203125, 369.2083740234375], 'extent': [2.3368194103240967, 0.9059062600135803, 0.7209736704826355], 'world_cord': [[3950.518798828125, 4531.14208984375, 370.0149230957031], [3950.380859375, 4531.12109375, 368.5797424316406], [3952.2998046875, 4531.42529296875, 369.839599609375], [3952.161865234375, 4531.404296875, 368.4044189453125], [3951.25244140625, 4526.5263671875, 370.0122985839844], [3951.114501953125, 4526.50537109375, 368.5771179199219], [3953.033203125, 4526.8095703125, 369.83697509765625], [3952.895263671875, 4526.78857421875, 368.40179443359375]], 'semantic_tags': [14], 'type_id': 'vehicle.mercedes.coupe_2020', 'color': '187,187,187', 'base_type': 'car', 'num_points': 52, 'distance': 21.055843314469428, 'speed': -1.9289246521343484e-05, 'brake': 0.0, 'light_state': 'NONE', 'road_id': 885, 'lane_id': -3, 'section_id': 0, 'world2vehicle': [[-0.1569601148366928, 0.9876047372817993, 0.0005645751371048391, -3852.7783203125], [-0.9829609990119934, -0.15627740323543549, 0.09677303582429886, 4556.41943359375], [0.09566173702478409, 0.014634551480412483, 0.9953063130378723, -811.0616455078125], [0.0, 0.0, 0.0, 1.0]], 'position': (20.951130731894864, 2.097801017466736, 0.01654731977237134), 'yaw': 1.7346636913027258, 'color_rgb': None, 'color_name': None, 'lane_type': carla.libcarla.LaneType.Shoulder, 'lane_type_str': 'Shoulder', 'is_in_junction': False, 'junction_id': -1, 'distance_to_junction': 45.00002670288086, 'next_junction_id': 19816, 'next_road_ids': [19820], 'next_next_road_ids': [886], 'same_road_as_ego': True, 'same_direction_as_ego': True, 'lane_relative_to_ego': 1, 'steer': 0.0, 'vehicle_cuts_in': False}]
[debug] open door, distance = 21.055843314469428
[debug] path = ../../../Bench2Drive-rep/VehicleOpensDoorTwoWays_Town12_Route1196_Weather0/anno/00080.json.gz
[debug] 1
[debug] 2
[debug] scenario_name = VehicleOpensDoorTwoWays
[debug] 3
[debug] in second branch, relevant_objects = [{'class': 'vehicle', 'state': 'dynamic', 'id': '56761', 'location': [3951.637451171875, 4528.95751953125, 368.4912109375], 'rotation': [0.007007773499935865, -5.607273578643799, 99.03112030029297], 'bbx_loc': [-0.0026168259792029858, -3.361463313922286e-05, 0.720352053642273], 'center': [3951.70751953125, 4528.9658203125, 369.2080993652344], 'extent': [2.3368194103240967, 0.9059062600135803, 0.7209736704826355], 'world_cord': [[3950.519775390625, 4531.14306640625, 370.0144348144531], [3950.380615234375, 4531.12109375, 368.5793762207031], [3952.300537109375, 4531.42626953125, 369.83740234375], [3952.161376953125, 4531.404296875, 368.4023742675781], [3951.25341796875, 4526.52734375, 370.01385498046875], [3951.1142578125, 4526.50537109375, 368.5788269042969], [3953.0341796875, 4526.810546875, 369.8368225097656], [3952.89501953125, 4526.78857421875, 368.40179443359375]], 'semantic_tags': [14], 'type_id': 'vehicle.mercedes.coupe_2020', 'color': '187,187,187', 'base_type': 'car', 'num_points': 83, 'distance': 17.181469015236004, 'speed': 0.0, 'brake': 0.0, 'light_state': 'NONE', 'road_id': 885, 'lane_id': -3, 'section_id': 0, 'world2vehicle': [[-0.15697085857391357, 0.9876032471656799, 0.00012230871652718633, -3852.566162109375], [-0.9828757047653198, -0.15623155236244202, 0.09770924597978592, 4555.52978515625], [0.09651707857847214, 0.015217290259897709, 0.9952149987220764, -817.0469360351562], [0.0, 0.0, 0.0, 1.0]], 'position': (17.10577142374723, 1.610090282015335, 0.1273791491195766), 'yaw': 1.7600635901993564, 'color_rgb': None, 'color_name': None, 'lane_type': carla.libcarla.LaneType.Shoulder, 'lane_type_str': 'Shoulder', 'is_in_junction': False, 'junction_id': -1, 'distance_to_junction': 45.00002670288086, 'next_junction_id': 19816, 'next_road_ids': [19820], 'next_next_road_ids': [886], 'same_road_as_ego': True, 'same_direction_as_ego': True, 'lane_relative_to_ego': 1, 'steer': 0.0, 'vehicle_cuts_in': False}]
[debug] open door, distance = 17.181469015236004
[debug] path = ../../../Bench2Drive-rep/VehicleOpensDoorTwoWays_Town12_Route1196_Weather0/anno/00085.json.gz
[debug] 1
[debug] 2
[debug] scenario_name = VehicleOpensDoorTwoWays
[debug] 3
[debug] in second branch, relevant_objects = [{'class': 'vehicle', 'state': 'dynamic', 'id': '56761', 'location': [3951.637451171875, 4528.95751953125, 368.4912109375], 'rotation': [0.007007773499935865, -5.607273578643799, 99.03112030029297], 'bbx_loc': [-0.0026168259792029858, -3.361463313922286e-05, 0.720352053642273], 'center': [3951.70751953125, 4528.9658203125, 369.2080993652344], 'extent': [2.3368194103240967, 0.9059062600135803, 0.7209736704826355], 'world_cord': [[3950.519775390625, 4531.14306640625, 370.0144348144531], [3950.380615234375, 4531.12109375, 368.5793762207031], [3952.300537109375, 4531.42626953125, 369.83740234375], [3952.161376953125, 4531.404296875, 368.4023742675781], [3951.25341796875, 4526.52734375, 370.01385498046875], [3951.1142578125, 4526.50537109375, 368.5788269042969], [3953.0341796875, 4526.810546875, 369.8368225097656], [3952.89501953125, 4526.78857421875, 368.40179443359375]], 'semantic_tags': [14], 'type_id': 'vehicle.mercedes.coupe_2020', 'color': '187,187,187', 'base_type': 'car', 'num_points': 138, 'distance': 13.139745886989557, 'speed': 0.0, 'brake': 0.0, 'light_state': 'NONE', 'road_id': 885, 'lane_id': -3, 'section_id': 0, 'world2vehicle': [[-0.15697085857391357, 0.9876032471656799, 0.00012230871652718633, -3852.566162109375], [-0.9828757047653198, -0.15623155236244202, 0.09770924597978592, 4555.52978515625], [0.09651707857847214, 0.015217290259897709, 0.9952149987220764, -817.0469360351562], [0.0, 0.0, 0.0, 1.0]], 'position': (12.941580467110725, 2.2725218275118095, 0.06310720991075414), 'yaw': 1.7194238851228019, 'color_rgb': None, 'color_name': None, 'lane_type': carla.libcarla.LaneType.Shoulder, 'lane_type_str': 'Shoulder', 'is_in_junction': False, 'junction_id': -1, 'distance_to_junction': 45.00002670288086, 'next_junction_id': 19816, 'next_road_ids': [19820], 'next_next_road_ids': [886], 'same_road_as_ego': True, 'same_direction_as_ego': True, 'lane_relative_to_ego': 1, 'steer': 0.0, 'vehicle_cuts_in': False}]
[debug] open door, distance = 13.139745886989557
[debug] path = ../../../Bench2Drive-rep/VehicleOpensDoorTwoWays_Town12_Route1196_Weather0/anno/00090.json.gz
[debug] 1
[debug] 2
[debug] scenario_name = VehicleOpensDoorTwoWays
[debug] 3
[debug] in second branch, relevant_objects = [{'class': 'vehicle', 'state': 'dynamic', 'id': '56761', 'location': [3951.637451171875, 4528.95751953125, 368.4912109375], 'rotation': [0.007007773499935865, -5.607273578643799, 99.03112030029297], 'bbx_loc': [-0.0026168259792029858, -3.361463313922286e-05, 0.720352053642273], 'center': [3951.70751953125, 4528.9658203125, 369.2080993652344], 'extent': [2.3368194103240967, 0.9059062600135803, 0.7209736704826355], 'world_cord': [[3950.519775390625, 4531.14306640625, 370.0144348144531], [3950.380615234375, 4531.12109375, 368.5793762207031], [3952.300537109375, 4531.42626953125, 369.83740234375], [3952.161376953125, 4531.404296875, 368.4023742675781], [3951.25341796875, 4526.52734375, 370.01385498046875], [3951.1142578125, 4526.50537109375, 368.5788269042969], [3953.0341796875, 4526.810546875, 369.8368225097656], [3952.89501953125, 4526.78857421875, 368.40179443359375]], 'semantic_tags': [14], 'type_id': 'vehicle.mercedes.coupe_2020', 'color': '187,187,187', 'base_type': 'car', 'num_points': 314, 'distance': 9.431017806327683, 'speed': 0.0, 'brake': 0.0, 'light_state': 'NONE', 'road_id': 885, 'lane_id': -3, 'section_id': 0, 'world2vehicle': [[-0.15697085857391357, 0.9876032471656799, 0.00012230871652718633, -3852.566162109375], [-0.9828757047653198, -0.15623155236244202, 0.09770924597978592, 4555.52978515625], [0.09651707857847214, 0.015217290259897709, 0.9952149987220764, -817.0469360351562], [0.0, 0.0, 0.0, 1.0]], 'position': (9.153015942099955, 2.272169282935465, 0.11603423912177391), 'yaw': 1.7195710247730287, 'color_rgb': None, 'color_name': None, 'lane_type': carla.libcarla.LaneType.Shoulder, 'lane_type_str': 'Shoulder', 'is_in_junction': False, 'junction_id': -1, 'distance_to_junction': 45.00002670288086, 'next_junction_id': 19816, 'next_road_ids': [19820], 'next_next_road_ids': [886], 'same_road_as_ego': True, 'same_direction_as_ego': True, 'lane_relative_to_ego': 1, 'steer': 0.0, 'vehicle_cuts_in': False}]
[debug] open door, distance = 9.431017806327683
[debug] path = ../../../Bench2Drive-rep/VehicleOpensDoorTwoWays_Town12_Route1196_Weather0/anno/00095.json.gz
[debug] 1
[debug] 2
[debug] scenario_name = VehicleOpensDoorTwoWays
[debug] 3
[debug] in second branch, relevant_objects = [{'class': 'vehicle', 'state': 'dynamic', 'id': '56761', 'location': [3951.637451171875, 4528.95751953125, 368.4912109375], 'rotation': [0.007007773499935865, -5.607273578643799, 99.03112030029297], 'bbx_loc': [-0.0026168259792029858, -3.361463313922286e-05, 0.720352053642273], 'center': [3951.70751953125, 4528.9658203125, 369.2080993652344], 'extent': [2.3368194103240967, 0.9059062600135803, 0.7209736704826355], 'world_cord': [[3950.519775390625, 4531.14306640625, 370.0144348144531], [3950.380615234375, 4531.12109375, 368.5793762207031], [3952.300537109375, 4531.42626953125, 369.83740234375], [3952.161376953125, 4531.404296875, 368.4023742675781], [3951.25341796875, 4526.52734375, 370.01385498046875], [3951.1142578125, 4526.50537109375, 368.5788269042969], [3953.0341796875, 4526.810546875, 369.8368225097656], [3952.89501953125, 4526.78857421875, 368.40179443359375]], 'semantic_tags': [14], 'type_id': 'vehicle.mercedes.coupe_2020', 'color': '187,187,187', 'base_type': 'car', 'num_points': 571, 'distance': 7.580511617907887, 'speed': 0.0, 'brake': 0.0, 'light_state': 'NONE', 'road_id': 885, 'lane_id': -3, 'section_id': 0, 'world2vehicle': [[-0.15697085857391357, 0.9876032471656799, 0.00012230871652718633, -3852.566162109375], [-0.9828757047653198, -0.15623155236244202, 0.09770924597978592, 4555.52978515625], [0.09651707857847214, 0.015217290259897709, 0.9952149987220764, -817.0469360351562], [0.0, 0.0, 0.0, 1.0]], 'position': (7.248254560941859, 2.2023094025671526, 0.29076844809139857), 'yaw': 1.729783049130992, 'color_rgb': None, 'color_name': None, 'lane_type': carla.libcarla.LaneType.Shoulder, 'lane_type_str': 'Shoulder', 'is_in_junction': False, 'junction_id': -1, 'distance_to_junction': 45.00002670288086, 'next_junction_id': 19816, 'next_road_ids': [19820], 'next_next_road_ids': [886], 'same_road_as_ego': True, 'same_direction_as_ego': True, 'lane_relative_to_ego': 1, 'steer': 0.0, 'vehicle_cuts_in': False}]
[debug] open door, distance = 7.580511617907887
[debug] path = ../../../Bench2Drive-rep/VehicleOpensDoorTwoWays_Town12_Route1196_Weather0/anno/00100.json.gz
[debug] 1
[debug] 2
[debug] scenario_name = VehicleOpensDoorTwoWays
[debug] 3
[debug] in second branch, relevant_objects = [{'class': 'vehicle', 'state': 'dynamic', 'id': '56761', 'location': [3951.637451171875, 4528.95751953125, 368.4912109375], 'rotation': [0.007007773499935865, -5.607273578643799, 99.03112030029297], 'bbx_loc': [-0.0026168259792029858, -3.361463313922286e-05, 0.720352053642273], 'center': [3951.70751953125, 4528.9658203125, 369.2080993652344], 'extent': [2.3368194103240967, 0.9059062600135803, 0.7209736704826355], 'world_cord': [[3950.519775390625, 4531.14306640625, 370.0144348144531], [3950.380615234375, 4531.12109375, 368.5793762207031], [3952.300537109375, 4531.42626953125, 369.83740234375], [3952.161376953125, 4531.404296875, 368.4023742675781], [3951.25341796875, 4526.52734375, 370.01385498046875], [3951.1142578125, 4526.50537109375, 368.5788269042969], [3953.0341796875, 4526.810546875, 369.8368225097656], [3952.89501953125, 4526.78857421875, 368.40179443359375]], 'semantic_tags': [14], 'type_id': 'vehicle.mercedes.coupe_2020', 'color': '187,187,187', 'base_type': 'car', 'num_points': 531, 'distance': 7.5622206904322455, 'speed': 0.0, 'brake': 0.0, 'light_state': 'NONE', 'road_id': 885, 'lane_id': -3, 'section_id': 0, 'world2vehicle': [[-0.15697085857391357, 0.9876032471656799, 0.00012230871652718633, -3852.566162109375], [-0.9828757047653198, -0.15623155236244202, 0.09770924597978592, 4555.52978515625], [0.09651707857847214, 0.015217290259897709, 0.9952149987220764, -817.0469360351562], [0.0, 0.0, 0.0, 1.0]], 'position': (7.23254097578365, 2.2075526983580858, 0.11205397316489041), 'yaw': 1.7291151283296, 'color_rgb': None, 'color_name': None, 'lane_type': carla.libcarla.LaneType.Shoulder, 'lane_type_str': 'Shoulder', 'is_in_junction': False, 'junction_id': -1, 'distance_to_junction': 45.00002670288086, 'next_junction_id': 19816, 'next_road_ids': [19820], 'next_next_road_ids': [886], 'same_road_as_ego': True, 'same_direction_as_ego': True, 'lane_relative_to_ego': 1, 'steer': 0.0, 'vehicle_cuts_in': False}]
[debug] open door, distance = 7.5622206904322455
[debug] path = ../../../Bench2Drive-rep/VehicleOpensDoorTwoWays_Town12_Route1196_Weather0/anno/00105.json.gz
[debug] 1
[debug] 2
[debug] scenario_name = VehicleOpensDoorTwoWays
[debug] 3
[debug] in second branch, relevant_objects = [{'class': 'vehicle', 'state': 'dynamic', 'id': '56761', 'location': [3951.637451171875, 4528.95751953125, 368.4912109375], 'rotation': [0.007007773499935865, -5.607273578643799, 99.03112030029297], 'bbx_loc': [-0.0026168259792029858, -3.361463313922286e-05, 0.720352053642273], 'center': [3951.70751953125, 4528.9658203125, 369.2080993652344], 'extent': [2.3368194103240967, 0.9059062600135803, 0.7209736704826355], 'world_cord': [[3950.519775390625, 4531.14306640625, 370.0144348144531], [3950.380615234375, 4531.12109375, 368.5793762207031], [3952.300537109375, 4531.42626953125, 369.83740234375], [3952.161376953125, 4531.404296875, 368.4023742675781], [3951.25341796875, 4526.52734375, 370.01385498046875], [3951.1142578125, 4526.50537109375, 368.5788269042969], [3953.0341796875, 4526.810546875, 369.8368225097656], [3952.89501953125, 4526.78857421875, 368.40179443359375]], 'semantic_tags': [14], 'type_id': 'vehicle.mercedes.coupe_2020', 'color': '187,187,187', 'base_type': 'car', 'num_points': 532, 'distance': 7.56112890582646, 'speed': 0.0, 'brake': 0.0, 'light_state': 'NONE', 'road_id': 885, 'lane_id': -3, 'section_id': 0, 'world2vehicle': [[-0.15697085857391357, 0.9876032471656799, 0.00012230871652718633, -3852.566162109375], [-0.9828757047653198, -0.15623155236244202, 0.09770924597978592, 4555.52978515625], [0.09651707857847214, 0.015217290259897709, 0.9952149987220764, -817.0469360351562], [0.0, 0.0, 0.0, 1.0]], 'position': (7.2317158474766075, 2.2066967714390557, 0.08830121291340731), 'yaw': 1.7291147288554367, 'color_rgb': None, 'color_name': None, 'lane_type': carla.libcarla.LaneType.Shoulder, 'lane_type_str': 'Shoulder', 'is_in_junction': False, 'junction_id': -1, 'distance_to_junction': 45.00002670288086, 'next_junction_id': 19816, 'next_road_ids': [19820], 'next_next_road_ids': [886], 'same_road_as_ego': True, 'same_direction_as_ego': True, 'lane_relative_to_ego': 1, 'steer': 0.0, 'vehicle_cuts_in': False}]
[debug] open door, distance = 7.56112890582646
[debug] path = ../../../Bench2Drive-rep/VehicleOpensDoorTwoWays_Town12_Route1196_Weather0/anno/00110.json.gz
[debug] 1
[debug] 2
[debug] scenario_name = VehicleOpensDoorTwoWays
[debug] 3
[debug] in second branch, relevant_objects = [{'class': 'vehicle', 'state': 'dynamic', 'id': '56761', 'location': [3951.637451171875, 4528.95751953125, 368.4912109375], 'rotation': [0.007007773499935865, -5.607273578643799, 99.03112030029297], 'bbx_loc': [-0.0026168259792029858, -3.361463313922286e-05, 0.720352053642273], 'center': [3951.70751953125, 4528.9658203125, 369.2080993652344], 'extent': [2.3368194103240967, 0.9059062600135803, 0.7209736704826355], 'world_cord': [[3950.519775390625, 4531.14306640625, 370.0144348144531], [3950.380615234375, 4531.12109375, 368.5793762207031], [3952.300537109375, 4531.42626953125, 369.83740234375], [3952.161376953125, 4531.404296875, 368.4023742675781], [3951.25341796875, 4526.52734375, 370.01385498046875], [3951.1142578125, 4526.50537109375, 368.5788269042969], [3953.0341796875, 4526.810546875, 369.8368225097656], [3952.89501953125, 4526.78857421875, 368.40179443359375]], 'semantic_tags': [14], 'type_id': 'vehicle.mercedes.coupe_2020', 'color': '187,187,187', 'base_type': 'car', 'num_points': 526, 'distance': 7.522576545263768, 'speed': 0.0, 'brake': 0.0, 'light_state': 'NONE', 'road_id': 885, 'lane_id': -3, 'section_id': 0, 'world2vehicle': [[-0.15697085857391357, 0.9876032471656799, 0.00012230871652718633, -3852.566162109375], [-0.9828757047653198, -0.15623155236244202, 0.09770924597978592, 4555.52978515625], [0.09651707857847214, 0.015217290259897709, 0.9952149987220764, -817.0469360351562], [0.0, 0.0, 0.0, 1.0]], 'position': (7.187355009484236, 2.220558856462958, 0.07046214907840209), 'yaw': 1.7275816801739325, 'color_rgb': None, 'color_name': None, 'lane_type': carla.libcarla.LaneType.Shoulder, 'lane_type_str': 'Shoulder', 'is_in_junction': False, 'junction_id': -1, 'distance_to_junction': 45.00002670288086, 'next_junction_id': 19816, 'next_road_ids': [19820], 'next_next_road_ids': [886], 'same_road_as_ego': True, 'same_direction_as_ego': True, 'lane_relative_to_ego': 1, 'steer': 0.0, 'vehicle_cuts_in': False}]
[debug] open door, distance = 7.522576545263768
[debug] path = ../../../Bench2Drive-rep/VehicleOpensDoorTwoWays_Town12_Route1196_Weather0/anno/00115.json.gz
[debug] 1
[debug] 2
[debug] scenario_name = VehicleOpensDoorTwoWays
[debug] 3
[debug] in second branch, relevant_objects = [{'class': 'vehicle', 'state': 'dynamic', 'id': '56761', 'location': [3951.637451171875, 4528.95751953125, 368.4912109375], 'rotation': [0.007007773499935865, -5.607273578643799, 99.03112030029297], 'bbx_loc': [-0.0026168259792029858, -3.361463313922286e-05, 0.720352053642273], 'center': [3951.70751953125, 4528.9658203125, 369.2080993652344], 'extent': [2.3368194103240967, 0.9059062600135803, 0.7209736704826355], 'world_cord': [[3950.519775390625, 4531.14306640625, 370.0144348144531], [3950.380615234375, 4531.12109375, 368.5793762207031], [3952.300537109375, 4531.42626953125, 369.83740234375], [3952.161376953125, 4531.404296875, 368.4023742675781], [3951.25341796875, 4526.52734375, 370.01385498046875], [3951.1142578125, 4526.50537109375, 368.5788269042969], [3953.0341796875, 4526.810546875, 369.8368225097656], [3952.89501953125, 4526.78857421875, 368.40179443359375]], 'semantic_tags': [14], 'type_id': 'vehicle.mercedes.coupe_2020', 'color': '187,187,187', 'base_type': 'car', 'num_points': 586, 'distance': 7.271216572787495, 'speed': 0.0, 'brake': 0.0, 'light_state': 'NONE', 'road_id': 885, 'lane_id': -3, 'section_id': 0, 'world2vehicle': [[-0.15697085857391357, 0.9876032471656799, 0.00012230871652718633, -3852.566162109375], [-0.9828757047653198, -0.15623155236244202, 0.09770924597978592, 4555.52978515625], [0.09651707857847214, 0.015217290259897709, 0.9952149987220764, -817.0469360351562], [0.0, 0.0, 0.0, 1.0]], 'position': (6.850855829882676, 2.436120997650505, 0.09804465346131508), 'yaw': 1.7016423579985063, 'color_rgb': None, 'color_name': None, 'lane_type': carla.libcarla.LaneType.Shoulder, 'lane_type_str': 'Shoulder', 'is_in_junction': False, 'junction_id': -1, 'distance_to_junction': 45.00002670288086, 'next_junction_id': 19816, 'next_road_ids': [19820], 'next_next_road_ids': [886], 'same_road_as_ego': True, 'same_direction_as_ego': True, 'lane_relative_to_ego': 1, 'steer': 0.0, 'vehicle_cuts_in': False}]
[debug] open door, distance = 7.271216572787495
[debug] path = ../../../Bench2Drive-rep/VehicleOpensDoorTwoWays_Town12_Route1196_Weather0/anno/00120.json.gz
[debug] 1
[debug] 2
[debug] scenario_name = VehicleOpensDoorTwoWays
[debug] 3
[debug] in second branch, relevant_objects = [{'class': 'vehicle', 'state': 'dynamic', 'id': '56761', 'location': [3951.637451171875, 4528.95751953125, 368.4912109375], 'rotation': [0.007007773499935865, -5.607273578643799, 99.03112030029297], 'bbx_loc': [-0.0026168259792029858, -3.361463313922286e-05, 0.720352053642273], 'center': [3951.70751953125, 4528.9658203125, 369.2080993652344], 'extent': [2.3368194103240967, 0.9059062600135803, 0.7209736704826355], 'world_cord': [[3950.519775390625, 4531.14306640625, 370.0144348144531], [3950.380615234375, 4531.12109375, 368.5793762207031], [3952.300537109375, 4531.42626953125, 369.83740234375], [3952.161376953125, 4531.404296875, 368.4023742675781], [3951.25341796875, 4526.52734375, 370.01385498046875], [3951.1142578125, 4526.50537109375, 368.5788269042969], [3953.0341796875, 4526.810546875, 369.8368225097656], [3952.89501953125, 4526.78857421875, 368.40179443359375]], 'semantic_tags': [14], 'type_id': 'vehicle.mercedes.coupe_2020', 'color': '187,187,187', 'base_type': 'car', 'num_points': 596, 'distance': 7.137003980092974, 'speed': 0.0, 'brake': 0.0, 'light_state': 'NONE', 'road_id': 885, 'lane_id': -3, 'section_id': 0, 'world2vehicle': [[-0.15697085857391357, 0.9876032471656799, 0.00012230871652718633, -3852.566162109375], [-0.9828757047653198, -0.15623155236244202, 0.09770924597978592, 4555.52978515625], [0.09651707857847214, 0.015217290259897709, 0.9952149987220764, -817.0469360351562], [0.0, 0.0, 0.0, 1.0]], 'position': (6.608082512948386, 2.697276683936252, 0.07183864702966503), 'yaw': 1.6692248964714622, 'color_rgb': None, 'color_name': None, 'lane_type': carla.libcarla.LaneType.Shoulder, 'lane_type_str': 'Shoulder', 'is_in_junction': False, 'junction_id': -1, 'distance_to_junction': 45.00002670288086, 'next_junction_id': 19816, 'next_road_ids': [19820], 'next_next_road_ids': [886], 'same_road_as_ego': True, 'same_direction_as_ego': True, 'lane_relative_to_ego': 1, 'steer': 0.0, 'vehicle_cuts_in': False}, {'class': 'vehicle', 'state': 'dynamic', 'id': '56800', 'location': [3948.919677734375, 4558.82568359375, 368.419677734375], 'rotation': [-0.14657585322856903, -0.0029296802822500467, 99.38926696777344], 'bbx_loc': [-0.0026058789808303118, 8.334517588082235e-06, 0.72035813331604], 'center': [3948.919921875, 4558.82470703125, 369.1400451660156], 'extent': [2.3368194103240967, 0.9059062600135803, 0.7209736704826355], 'world_cord': [[3947.64453125, 4560.984375, 369.8550720214844], [3947.64501953125, 4560.98095703125, 368.41314697265625], [3949.43212890625, 4561.2802734375, 369.85498046875], [3949.4326171875, 4561.2763671875, 368.4130554199219], [3948.406982421875, 4556.37353515625, 369.8670349121094], [3948.407470703125, 4556.36962890625, 368.4250793457031], [3950.194580078125, 4556.6689453125, 369.866943359375], [3950.195068359375, 4556.66552734375, 368.42498779296875]], 'semantic_tags': [14], 'type_id': 'vehicle.mercedes.coupe_2020', 'color': '73,0,0', 'base_type': 'car', 'num_points': 9, 'distance': 36.68132962175815, 'speed': -0.0014687158339200172, 'brake': 1.0, 'light_state': 'Brake', 'road_id': 885, 'lane_id': -3, 'section_id': 0, 'world2vehicle': [[-0.16314058005809784, 0.9865995049476624, -0.002558228326961398, -3852.56396484375], [-0.9866027235984802, -0.16314098238945007, 5.113239967613481e-05, 4639.72705078125], [-0.00036690468550659716, 0.0025322968140244484, 0.9999967217445374, -378.5138854980469], [0.0, 0.0, 0.0, 1.0]], 'position': (36.5984413561082, 2.467237933547949, -0.08310246691161183), 'yaw': 1.6692248964714622, 'color_rgb': None, 'color_name': None, 'lane_type': carla.libcarla.LaneType.Driving, 'lane_type_str': 'Driving', 'is_in_junction': False, 'junction_id': -1, 'distance_to_junction': 16.00020980834961, 'next_junction_id': 19816, 'next_road_ids': [19820], 'next_next_road_ids': [886], 'same_road_as_ego': True, 'same_direction_as_ego': True, 'lane_relative_to_ego': 0, 'steer': -0.04158243150528737, 'vehicle_cuts_in': False}]
[debug] open door, distance = 7.137003980092974
[debug] path = ../../../Bench2Drive-rep/VehicleOpensDoorTwoWays_Town12_Route1196_Weather0/anno/00125.json.gz
[debug] 1
[debug] 2
[debug] scenario_name = VehicleOpensDoorTwoWays
[debug] 3
[debug] in second branch, relevant_objects = [{'class': 'vehicle', 'state': 'dynamic', 'id': '56761', 'location': [3951.637451171875, 4528.95751953125, 368.4912109375], 'rotation': [0.007007773499935865, -5.607273578643799, 99.03112030029297], 'bbx_loc': [-0.0026168259792029858, -3.361463313922286e-05, 0.720352053642273], 'center': [3951.70751953125, 4528.9658203125, 369.2080993652344], 'extent': [2.3368194103240967, 0.9059062600135803, 0.7209736704826355], 'world_cord': [[3950.519775390625, 4531.14306640625, 370.0144348144531], [3950.380615234375, 4531.12109375, 368.5793762207031], [3952.300537109375, 4531.42626953125, 369.83740234375], [3952.161376953125, 4531.404296875, 368.4023742675781], [3951.25341796875, 4526.52734375, 370.01385498046875], [3951.1142578125, 4526.50537109375, 368.5788269042969], [3953.0341796875, 4526.810546875, 369.8368225097656], [3952.89501953125, 4526.78857421875, 368.40179443359375]], 'semantic_tags': [14], 'type_id': 'vehicle.mercedes.coupe_2020', 'color': '187,187,187', 'base_type': 'car', 'num_points': 658, 'distance': 6.94228186207308, 'speed': 0.0, 'brake': 0.0, 'light_state': 'NONE', 'road_id': 885, 'lane_id': -3, 'section_id': 0, 'world2vehicle': [[-0.15697085857391357, 0.9876032471656799, 0.00012230871652718633, -3852.566162109375], [-0.9828757047653198, -0.15623155236244202, 0.09770924597978592, 4555.52978515625], [0.09651707857847214, 0.015217290259897709, 0.9952149987220764, -817.0469360351562], [0.0, 0.0, 0.0, 1.0]], 'position': (6.231613167150499, 3.059879665281187, 0.09130305233770741), 'yaw': 1.622822377112085, 'color_rgb': None, 'color_name': None, 'lane_type': carla.libcarla.LaneType.Shoulder, 'lane_type_str': 'Shoulder', 'is_in_junction': False, 'junction_id': -1, 'distance_to_junction': 45.00002670288086, 'next_junction_id': 19816, 'next_road_ids': [19820], 'next_next_road_ids': [886], 'same_road_as_ego': True, 'same_direction_as_ego': True, 'lane_relative_to_ego': 1, 'steer': 0.0, 'vehicle_cuts_in': False}, {'class': 'vehicle', 'state': 'dynamic', 'id': '56800', 'location': [3948.91845703125, 4558.8330078125, 368.419921875], 'rotation': [-3.415094397496432e-05, -0.000274658203125, 99.38749694824219], 'bbx_loc': [-0.0026058789808303118, 8.334517588082235e-06, 0.72035813331604], 'center': [3948.9189453125, 4558.83056640625, 369.1402893066406], 'extent': [2.3368194103240967, 0.9059062600135803, 0.7209736704826355], 'world_cord': [[3947.64404296875, 4560.98828125, 369.86126708984375], [3947.64404296875, 4560.98828125, 368.4193115234375], [3949.431396484375, 4561.28369140625, 369.8612365722656], [3949.431396484375, 4561.28369140625, 368.4193115234375], [3948.40625, 4556.376953125, 369.86126708984375], [3948.40625, 4556.376953125, 368.4193115234375], [3950.19384765625, 4556.6728515625, 369.8612365722656], [3950.19384765625, 4556.6728515625, 368.4193115234375]], 'semantic_tags': [14], 'type_id': 'vehicle.mercedes.coupe_2020', 'color': '73,0,0', 'base_type': 'car', 'num_points': 14, 'distance': 36.45326584839048, 'speed': 0.06774587625713334, 'brake': 0.0, 'light_state': 'NONE', 'road_id': 885, 'lane_id': -3, 'section_id': 0, 'world2vehicle': [[-0.1631106585264206, 0.9866077899932861, -5.960463909104874e-07, -3853.669189453125], [-0.9866077899932861, -0.1631106585264206, 4.793690095539205e-06, 4639.6259765625], [4.632270702131791e-06, 1.3699659575650003e-06, 1.0, -368.4444580078125], [0.0, 0.0, 0.0, 1.0]], 'position': (36.20815457121989, 4.221629220781324, 0.1052457953683188), 'yaw': 1.622822377112085, 'color_rgb': None, 'color_name': None, 'lane_type': carla.libcarla.LaneType.Driving, 'lane_type_str': 'Driving', 'is_in_junction': False, 'junction_id': -1, 'distance_to_junction': 16.00020980834961, 'next_junction_id': 19816, 'next_road_ids': [19820], 'next_next_road_ids': [886], 'same_road_as_ego': True, 'same_direction_as_ego': True, 'lane_relative_to_ego': 0, 'steer': -0.00756054551865981, 'vehicle_cuts_in': False}]
[debug] open door, distance = 6.94228186207308
