[debug] ego[num_lanes_same_direction] = 2
[debug] ego[num_lanes_opposite_direction] = 1
[debug] ego[ego_lane_number] = 1
[debug] ego[lane_change] = NONE
[debug] ego[lane_change_str] = NONE
[debug] ego[lane_type] = Parking
[debug] ego[lane_type_str] = Parking
[debug] ego[left_lane_marking_color] = White
[debug] ego[left_lane_marking_color_str] = White
[debug] ego[left_lane_marking_type] = Solid
[debug] ego[left_lane_marking_type_str] = Solid
[debug] ego[right_lane_marking_color] = White
[debug] ego[right_lane_marking_color_str] = White
[debug] ego[right_lane_marking_type] = NONE
[debug] ego[right_lane_marking_type_str] = NONE
[debug] ego[shoulder_left] = False
[debug] ego[parking_left] = True
[debug] ego[sidewalk_left] = True
[debug] ego[bike_lane_left] = False
[debug] ego[shoulder_right] = False
[debug] ego[parking_right] = False
[debug] ego[sidewalk_right] = True
[debug] ego[bike_lane_right] = False
[debug] ego[is_in_junction] = False
[debug] ego[junction_id] = -1
[debug] ego[distance_to_junction] = 187.010986328125
[debug] ego[next_junction_id] = 18628
[debug] ego[next_road_ids] = [18684]
[debug] ego[next_next_road_ids] = [877]
[debug] ego[distance_to_junction_ego] = 187.010986328125
[debug] ego[next_junction_id_ego] = 18628
[debug] ego[next_road_ids_ego] = [18684]
[debug] ego[next_next_road_ids_ego] = [877]
[debug] path = ../../../Bench2Drive-rep/ParkingExit_Town12_Route1305_Weather18/anno/00000.json.gz
[debug] relevant_objects = [{'class': 'vehicle', 'state': 'dynamic', 'id': '8104', 'location': [2814.84033203125, 4285.66943359375, 360.40155029296875], 'rotation': [0.5337724089622498, 0.0012113972334191203, 99.3789291381836], 'bbx_loc': [-0.002571781864389777, 5.777478236268507e-06, 0.720367431640625], 'center': [2814.841796875, 4285.66015625, 361.1218566894531], 'extent': [2.3368194103240967, 0.9059062600135803, 0.7209736704826355], 'world_cord': [[2813.568359375, 4287.8115234375, 361.86456298828125], [2813.566162109375, 4287.82470703125, 360.42266845703125], [2815.35595703125, 4288.10693359375, 361.8645935058594], [2815.353759765625, 4288.1201171875, 360.4226989746094], [2814.329833984375, 4283.20068359375, 361.8210144042969], [2814.32763671875, 4283.2138671875, 360.3791198730469], [2816.117431640625, 4283.49560546875, 361.821044921875], [2816.115234375, 4283.50927734375, 360.3791809082031]], 'semantic_tags': [14], 'type_id': 'vehicle.mercedes.coupe_2020', 'color': '187,187,187', 'base_type': 'car', 'num_points': 309, 'distance': 8.99928438798712, 'speed': 0.0, 'brake': 0.0, 'light_state': 'NONE', 'road_id': 876, 'lane_id': -1, 'section_id': 0, 'world2vehicle': [[-0.1629560887813568, 0.9865893721580505, 0.00931595079600811, -3772.85791015625], [-0.986632227897644, -0.16296297311782837, -2.1141953766345978e-05, 3475.625244140625], [0.001497296616435051, -0.00919486302882433, 0.9999566078186035, -325.1944274902344], [0.0, 0.0, 0.0, 1.0]], 'position': (8.99998812662534, 0.0033171899253829906, 0.002699890398275784), 'yaw': 1.7344928495187972, 'color_rgb': None, 'color_name': None, 'lane_type': carla.libcarla.LaneType.Parking, 'lane_type_str': 'Parking', 'is_in_junction': False, 'junction_id': -1, 'distance_to_junction': 178.0104522705078, 'next_junction_id': 18628, 'next_road_ids': [18684], 'next_next_road_ids': [877], 'same_road_as_ego': True, 'same_direction_as_ego': True, 'lane_relative_to_ego': 0, 'steer': 0.0, 'vehicle_cuts_in': False}, {'class': 'vehicle', 'state': 'static', 'id': '8268', 'location': [2812.052490234375, 4305.4921875, 360.6014709472656], 'rotation': [0.5505473613739014, 0.5400509238243103, 99.38397216796875], 'bbx_loc': [0.029246050864458084, 1.5709135823271936e-06, 0.7358533143997192], 'center': [2812.0419921875, 4305.5126953125, 361.3375244140625], 'extent': [2.1563007831573486, 0.9735524654388428, 0.6694470643997192], 'world_cord': [[2810.724853515625, 4307.47412109375, 362.0184631347656], [2810.735107421875, 4307.48876953125, 360.6796875], [2812.645751953125, 4307.79150390625, 362.0368347167969], [2812.65625, 4307.80615234375, 360.69805908203125], [2811.427978515625, 4303.2197265625, 361.9770202636719], [2811.438232421875, 4303.234375, 360.63824462890625], [2813.348876953125, 4303.53662109375, 361.9953918457031], [2813.359375, 4303.5517578125, 360.6566162109375]], 'semantic_tags': [], 'type_id': '/Game/Carla/Static/Car/4Wheeled/ParkedVehicles/TeslaM3/SM_TeslaM3_parked.SM_TeslaM3_parked', 'num_points': 0, 'distance': 29.0152758781206, 'speed': 0.0, 'brake': 1.0, 'light_state': 'NONE', 'road_id': 876, 'lane_id': -1, 'section_id': 0, 'world2vehicle': [[-0.16304244101047516, 0.9865722060203552, 0.009608715772628784, -3792.65966796875], [-0.9865887761116028, -0.16295336186885834, -0.009425091557204723, 3479.33251953125], [-0.007732761558145285, -0.0110165411606431, 0.9999094009399414, -291.3922119140625], [0.0, 0.0, 0.0, 1.0]], 'position': (29.0130624418357, -0.47655153855885146, 0.01622528216756791), 'yaw': 1.7344928495187972, 'color_rgb': None, 'color_name': None, 'lane_type': carla.libcarla.LaneType.Parking, 'lane_type_str': 'Parking', 'is_in_junction': False, 'junction_id': -1, 'distance_to_junction': 158.00979614257812, 'next_junction_id': 18628, 'next_road_ids': [18684], 'next_next_road_ids': [877], 'same_road_as_ego': True, 'same_direction_as_ego': True, 'lane_relative_to_ego': 0, 'steer': 0.0, 'vehicle_cuts_in': False}, {'class': 'vehicle', 'state': 'static', 'id': '8267', 'location': [2801.969970703125, 4366.53466796875, 361.2404479980469], 'rotation': [0.6440936326980591, 0.6297240853309631, 99.38451385498047], 'bbx_loc': [-0.005356029607355595, 8.244646778621245e-06, 0.7655629515647888], 'center': [2801.9638671875, 4366.51953125, 362.005859375], 'extent': [2.253521203994751, 0.9436876177787781, 0.6906262040138245], 'world_cord': [[2800.6591796875, 4368.580078125, 362.71136474609375], [2800.671630859375, 4368.59765625, 361.3302917480469], [2802.521240234375, 4368.8876953125, 362.7320861816406], [2802.53369140625, 4368.9052734375, 361.35101318359375], [2801.39404296875, 4364.1337890625, 362.66070556640625], [2801.406494140625, 4364.1513671875, 361.27960205078125], [2803.256103515625, 4364.44091796875, 362.6814270019531], [2803.2685546875, 4364.458984375, 361.30035400390625]], 'semantic_tags': [], 'type_id': '/Game/Carla/Static/Car/4Wheeled/ParkedVehicles/Charger/SM_ChargerParked.SM_ChargerParked', 'num_points': 0, 'distance': 90.88216689077323, 'speed': 0.0, 'brake': 1.0, 'light_state': 'NONE', 'road_id': 876, 'lane_id': -1, 'section_id': 0, 'world2vehicle': [[-0.16304896771907806, 0.9865539073944092, 0.011241317726671696, -3855.024169921875], [-0.9865768551826477, -0.1629275232553482, -0.010989842005074024, 3479.75732421875], [-0.009010551497340202, -0.01288230624049902, 0.9998764395713806, -279.69744873046875], [0.0, 0.0, 0.0, 1.0]], 'position': (90.88588328131664, -0.4766885295753127, 0.07894839967462985), 'yaw': 1.7344928495187972, 'color_rgb': None, 'color_name': None, 'lane_type': carla.libcarla.LaneType.Parking, 'lane_type_str': 'Parking', 'is_in_junction': False, 'junction_id': -1, 'distance_to_junction': 96.00638580322266, 'next_junction_id': 18628, 'next_road_ids': [18684], 'next_next_road_ids': [877], 'same_road_as_ego': True, 'same_direction_as_ego': True, 'lane_relative_to_ego': 0, 'steer': 0.0, 'vehicle_cuts_in': False}, {'class': 'vehicle', 'state': 'static', 'id': '8264', 'location': [2820.464599609375, 4306.87841796875, 360.6014404296875], 'rotation': [-0.5424808859825134, -0.5528258085250854, -80.61591339111328], 'bbx_loc': [0.029252871870994568, -7.5048869803140406e-06, 0.7358478307723999], 'center': [2820.46337890625, 4306.84130859375, 361.3369445800781], 'extent': [2.1563007831573486, 0.9735524654388428, 0.6694470643997192], 'world_cord': [[2821.770263671875, 4304.86572265625, 361.99530029296875], [2821.781005859375, 4304.88037109375, 360.6565246582031], [2819.84912109375, 4304.54833984375, 361.9765319824219], [2819.85986328125, 4304.56298828125, 360.63775634765625], [2821.067138671875, 4309.1201171875, 362.0361328125], [2821.07763671875, 4309.134765625, 360.6973571777344], [2819.14599609375, 4308.802734375, 362.0173645019531], [2819.15673828125, 4308.8173828125, 360.6785888671875]], 'semantic_tags': [], 'type_id': '/Game/Carla/Static/Car/4Wheeled/ParkedVehicles/TeslaM3/SM_TeslaM3_parked.SM_TeslaM3_parked', 'num_points': 22, 'distance': 30.37284909784276, 'speed': 0.0, 'brake': 1.0, 'light_state': 'NONE', 'road_id': 876, 'lane_id': 1, 'section_id': 0, 'world2vehicle': [[0.16304470598697662, -0.9865732789039612, -0.009467936120927334, 3792.603515625], [0.9865864515304565, 0.16295430064201355, 0.00964804831892252, -3487.935546875], [-0.007975665852427483, -0.010914000682532787, 0.9999086260795593, -291.068115234375], [0.0, 0.0, 0.0, 1.0]], 'position': (29.009870520063487, -9.002113562696195, 0.01617574250639109), 'yaw': 1.7344928495187972, 'color_rgb': None, 'color_name': None, 'lane_type': carla.libcarla.LaneType.Parking, 'lane_type_str': 'Parking', 'is_in_junction': False, 'junction_id': -1, 'distance_to_junction': None, 'next_junction_id': -1, 'next_road_ids': [876], 'next_next_road_ids': [], 'same_road_as_ego': True, 'same_direction_as_ego': False, 'lane_relative_to_ego': -3, 'steer': 0.0, 'vehicle_cuts_in': False}]
[debug] ego[num_lanes_same_direction] = 2
[debug] ego[num_lanes_opposite_direction] = 1
[debug] ego[ego_lane_number] = 1
[debug] ego[lane_change] = NONE
[debug] ego[lane_change_str] = NONE
[debug] ego[lane_type] = Parking
[debug] ego[lane_type_str] = Parking
[debug] ego[left_lane_marking_color] = White
[debug] ego[left_lane_marking_color_str] = White
[debug] ego[left_lane_marking_type] = Solid
[debug] ego[left_lane_marking_type_str] = Solid
[debug] ego[right_lane_marking_color] = White
[debug] ego[right_lane_marking_color_str] = White
[debug] ego[right_lane_marking_type] = NONE
[debug] ego[right_lane_marking_type_str] = NONE
[debug] ego[shoulder_left] = False
[debug] ego[parking_left] = True
[debug] ego[sidewalk_left] = True
[debug] ego[bike_lane_left] = False
[debug] ego[shoulder_right] = False
[debug] ego[parking_right] = False
[debug] ego[sidewalk_right] = True
[debug] ego[bike_lane_right] = False
[debug] ego[is_in_junction] = False
[debug] ego[junction_id] = -1
[debug] ego[distance_to_junction] = 187.010986328125
[debug] ego[next_junction_id] = 18628
[debug] ego[next_road_ids] = [18684]
[debug] ego[next_next_road_ids] = [877]
[debug] ego[distance_to_junction_ego] = 187.010986328125
[debug] ego[next_junction_id_ego] = 18628
[debug] ego[next_road_ids_ego] = [18684]
[debug] ego[next_next_road_ids_ego] = [877]
[debug] path = ../../../Bench2Drive-rep/ParkingExit_Town12_Route1305_Weather18/anno/00000.json.gz
[debug] relevant_objects = [{'class': 'vehicle', 'state': 'dynamic', 'id': '8104', 'location': [2814.84033203125, 4285.66943359375, 360.40155029296875], 'rotation': [0.5337724089622498, 0.0012113972334191203, 99.3789291381836], 'bbx_loc': [-0.002571781864389777, 5.777478236268507e-06, 0.720367431640625], 'center': [2814.841796875, 4285.66015625, 361.1218566894531], 'extent': [2.3368194103240967, 0.9059062600135803, 0.7209736704826355], 'world_cord': [[2813.568359375, 4287.8115234375, 361.86456298828125], [2813.566162109375, 4287.82470703125, 360.42266845703125], [2815.35595703125, 4288.10693359375, 361.8645935058594], [2815.353759765625, 4288.1201171875, 360.4226989746094], [2814.329833984375, 4283.20068359375, 361.8210144042969], [2814.32763671875, 4283.2138671875, 360.3791198730469], [2816.117431640625, 4283.49560546875, 361.821044921875], [2816.115234375, 4283.50927734375, 360.3791809082031]], 'semantic_tags': [14], 'type_id': 'vehicle.mercedes.coupe_2020', 'color': '187,187,187', 'base_type': 'car', 'num_points': 309, 'distance': 8.99928438798712, 'speed': 0.0, 'brake': 0.0, 'light_state': 'NONE', 'road_id': 876, 'lane_id': -1, 'section_id': 0, 'world2vehicle': [[-0.1629560887813568, 0.9865893721580505, 0.00931595079600811, -3772.85791015625], [-0.986632227897644, -0.16296297311782837, -2.1141953766345978e-05, 3475.625244140625], [0.001497296616435051, -0.00919486302882433, 0.9999566078186035, -325.1944274902344], [0.0, 0.0, 0.0, 1.0]], 'position': (8.99998812662534, 0.0033171899253829906, 0.002699890398275784), 'yaw': 1.7344928495187972, 'color_rgb': None, 'color_name': None, 'lane_type': carla.libcarla.LaneType.Parking, 'lane_type_str': 'Parking', 'is_in_junction': False, 'junction_id': -1, 'distance_to_junction': 178.0104522705078, 'next_junction_id': 18628, 'next_road_ids': [18684], 'next_next_road_ids': [877], 'same_road_as_ego': True, 'same_direction_as_ego': True, 'lane_relative_to_ego': 0, 'steer': 0.0, 'vehicle_cuts_in': False}, {'class': 'vehicle', 'state': 'static', 'id': '8268', 'location': [2812.052490234375, 4305.4921875, 360.6014709472656], 'rotation': [0.5505473613739014, 0.5400509238243103, 99.38397216796875], 'bbx_loc': [0.029246050864458084, 1.5709135823271936e-06, 0.7358533143997192], 'center': [2812.0419921875, 4305.5126953125, 361.3375244140625], 'extent': [2.1563007831573486, 0.9735524654388428, 0.6694470643997192], 'world_cord': [[2810.724853515625, 4307.47412109375, 362.0184631347656], [2810.735107421875, 4307.48876953125, 360.6796875], [2812.645751953125, 4307.79150390625, 362.0368347167969], [2812.65625, 4307.80615234375, 360.69805908203125], [2811.427978515625, 4303.2197265625, 361.9770202636719], [2811.438232421875, 4303.234375, 360.63824462890625], [2813.348876953125, 4303.53662109375, 361.9953918457031], [2813.359375, 4303.5517578125, 360.6566162109375]], 'semantic_tags': [], 'type_id': '/Game/Carla/Static/Car/4Wheeled/ParkedVehicles/TeslaM3/SM_TeslaM3_parked.SM_TeslaM3_parked', 'num_points': 0, 'distance': 29.0152758781206, 'speed': 0.0, 'brake': 1.0, 'light_state': 'NONE', 'road_id': 876, 'lane_id': -1, 'section_id': 0, 'world2vehicle': [[-0.16304244101047516, 0.9865722060203552, 0.009608715772628784, -3792.65966796875], [-0.9865887761116028, -0.16295336186885834, -0.009425091557204723, 3479.33251953125], [-0.007732761558145285, -0.0110165411606431, 0.9999094009399414, -291.3922119140625], [0.0, 0.0, 0.0, 1.0]], 'position': (29.0130624418357, -0.47655153855885146, 0.01622528216756791), 'yaw': 1.7344928495187972, 'color_rgb': None, 'color_name': None, 'lane_type': carla.libcarla.LaneType.Parking, 'lane_type_str': 'Parking', 'is_in_junction': False, 'junction_id': -1, 'distance_to_junction': 158.00979614257812, 'next_junction_id': 18628, 'next_road_ids': [18684], 'next_next_road_ids': [877], 'same_road_as_ego': True, 'same_direction_as_ego': True, 'lane_relative_to_ego': 0, 'steer': 0.0, 'vehicle_cuts_in': False}, {'class': 'vehicle', 'state': 'static', 'id': '8267', 'location': [2801.969970703125, 4366.53466796875, 361.2404479980469], 'rotation': [0.6440936326980591, 0.6297240853309631, 99.38451385498047], 'bbx_loc': [-0.005356029607355595, 8.244646778621245e-06, 0.7655629515647888], 'center': [2801.9638671875, 4366.51953125, 362.005859375], 'extent': [2.253521203994751, 0.9436876177787781, 0.6906262040138245], 'world_cord': [[2800.6591796875, 4368.580078125, 362.71136474609375], [2800.671630859375, 4368.59765625, 361.3302917480469], [2802.521240234375, 4368.8876953125, 362.7320861816406], [2802.53369140625, 4368.9052734375, 361.35101318359375], [2801.39404296875, 4364.1337890625, 362.66070556640625], [2801.406494140625, 4364.1513671875, 361.27960205078125], [2803.256103515625, 4364.44091796875, 362.6814270019531], [2803.2685546875, 4364.458984375, 361.30035400390625]], 'semantic_tags': [], 'type_id': '/Game/Carla/Static/Car/4Wheeled/ParkedVehicles/Charger/SM_ChargerParked.SM_ChargerParked', 'num_points': 0, 'distance': 90.88216689077323, 'speed': 0.0, 'brake': 1.0, 'light_state': 'NONE', 'road_id': 876, 'lane_id': -1, 'section_id': 0, 'world2vehicle': [[-0.16304896771907806, 0.9865539073944092, 0.011241317726671696, -3855.024169921875], [-0.9865768551826477, -0.1629275232553482, -0.010989842005074024, 3479.75732421875], [-0.009010551497340202, -0.01288230624049902, 0.9998764395713806, -279.69744873046875], [0.0, 0.0, 0.0, 1.0]], 'position': (90.88588328131664, -0.4766885295753127, 0.07894839967462985), 'yaw': 1.7344928495187972, 'color_rgb': None, 'color_name': None, 'lane_type': carla.libcarla.LaneType.Parking, 'lane_type_str': 'Parking', 'is_in_junction': False, 'junction_id': -1, 'distance_to_junction': 96.00638580322266, 'next_junction_id': 18628, 'next_road_ids': [18684], 'next_next_road_ids': [877], 'same_road_as_ego': True, 'same_direction_as_ego': True, 'lane_relative_to_ego': 0, 'steer': 0.0, 'vehicle_cuts_in': False}, {'class': 'vehicle', 'state': 'static', 'id': '8264', 'location': [2820.464599609375, 4306.87841796875, 360.6014404296875], 'rotation': [-0.5424808859825134, -0.5528258085250854, -80.61591339111328], 'bbx_loc': [0.029252871870994568, -7.5048869803140406e-06, 0.7358478307723999], 'center': [2820.46337890625, 4306.84130859375, 361.3369445800781], 'extent': [2.1563007831573486, 0.9735524654388428, 0.6694470643997192], 'world_cord': [[2821.770263671875, 4304.86572265625, 361.99530029296875], [2821.781005859375, 4304.88037109375, 360.6565246582031], [2819.84912109375, 4304.54833984375, 361.9765319824219], [2819.85986328125, 4304.56298828125, 360.63775634765625], [2821.067138671875, 4309.1201171875, 362.0361328125], [2821.07763671875, 4309.134765625, 360.6973571777344], [2819.14599609375, 4308.802734375, 362.0173645019531], [2819.15673828125, 4308.8173828125, 360.6785888671875]], 'semantic_tags': [], 'type_id': '/Game/Carla/Static/Car/4Wheeled/ParkedVehicles/TeslaM3/SM_TeslaM3_parked.SM_TeslaM3_parked', 'num_points': 22, 'distance': 30.37284909784276, 'speed': 0.0, 'brake': 1.0, 'light_state': 'NONE', 'road_id': 876, 'lane_id': 1, 'section_id': 0, 'world2vehicle': [[0.16304470598697662, -0.9865732789039612, -0.009467936120927334, 3792.603515625], [0.9865864515304565, 0.16295430064201355, 0.00964804831892252, -3487.935546875], [-0.007975665852427483, -0.010914000682532787, 0.9999086260795593, -291.068115234375], [0.0, 0.0, 0.0, 1.0]], 'position': (29.009870520063487, -9.002113562696195, 0.01617574250639109), 'yaw': 1.7344928495187972, 'color_rgb': None, 'color_name': None, 'lane_type': carla.libcarla.LaneType.Parking, 'lane_type_str': 'Parking', 'is_in_junction': False, 'junction_id': -1, 'distance_to_junction': None, 'next_junction_id': -1, 'next_road_ids': [876], 'next_next_road_ids': [], 'same_road_as_ego': True, 'same_direction_as_ego': False, 'lane_relative_to_ego': -3, 'steer': 0.0, 'vehicle_cuts_in': False}]
[debug] 1
[debug] 2
[debug] scenario_name = ParkingExit
[debug] in ParkingExit branch
[debug] lane_type_str = Parking
[debug] ego[num_lanes_same_direction] = 2
[debug] ego[num_lanes_opposite_direction] = 1
[debug] ego[ego_lane_number] = 1
[debug] ego[lane_change] = NONE
[debug] ego[lane_change_str] = NONE
[debug] ego[lane_type] = Parking
[debug] ego[lane_type_str] = Parking
[debug] ego[left_lane_marking_color] = White
[debug] ego[left_lane_marking_color_str] = White
[debug] ego[left_lane_marking_type] = Solid
[debug] ego[left_lane_marking_type_str] = Solid
[debug] ego[right_lane_marking_color] = White
[debug] ego[right_lane_marking_color_str] = White
[debug] ego[right_lane_marking_type] = NONE
[debug] ego[right_lane_marking_type_str] = NONE
[debug] ego[shoulder_left] = False
[debug] ego[parking_left] = True
[debug] ego[sidewalk_left] = True
[debug] ego[bike_lane_left] = False
[debug] ego[shoulder_right] = False
[debug] ego[parking_right] = False
[debug] ego[sidewalk_right] = True
[debug] ego[bike_lane_right] = False
[debug] ego[is_in_junction] = False
[debug] ego[junction_id] = -1
[debug] ego[distance_to_junction] = 187.0110321044922
[debug] ego[next_junction_id] = 18628
[debug] ego[next_road_ids] = [18684]
[debug] ego[next_next_road_ids] = [877]
[debug] ego[distance_to_junction_ego] = 187.0110321044922
[debug] ego[next_junction_id_ego] = 18628
[debug] ego[next_road_ids_ego] = [18684]
[debug] ego[next_next_road_ids_ego] = [877]
[debug] path = ../../../Bench2Drive-rep/ParkingExit_Town12_Route1305_Weather18/anno/00005.json.gz
[debug] relevant_objects = [{'class': 'vehicle', 'state': 'dynamic', 'id': '8104', 'location': [2814.84033203125, 4285.66943359375, 360.40155029296875], 'rotation': [0.5337724089622498, 0.0012113972334191203, 99.3789291381836], 'bbx_loc': [-0.002571781864389777, 5.777478236268507e-06, 0.720367431640625], 'center': [2814.841796875, 4285.66015625, 361.1218566894531], 'extent': [2.3368194103240967, 0.9059062600135803, 0.7209736704826355], 'world_cord': [[2813.568359375, 4287.8115234375, 361.86456298828125], [2813.566162109375, 4287.82470703125, 360.42266845703125], [2815.35595703125, 4288.10693359375, 361.8645935058594], [2815.353759765625, 4288.1201171875, 360.4226989746094], [2814.329833984375, 4283.20068359375, 361.8210144042969], [2814.32763671875, 4283.2138671875, 360.3791198730469], [2816.117431640625, 4283.49560546875, 361.821044921875], [2816.115234375, 4283.50927734375, 360.3791809082031]], 'semantic_tags': [14], 'type_id': 'vehicle.mercedes.coupe_2020', 'color': '187,187,187', 'base_type': 'car', 'num_points': 317, 'distance': 8.95224455720141, 'speed': 0.0, 'brake': 0.0, 'light_state': 'NONE', 'road_id': 876, 'lane_id': -1, 'section_id': 0, 'world2vehicle': [[-0.1629560887813568, 0.9865893721580505, 0.00931595079600811, -3772.85791015625], [-0.986632227897644, -0.16296297311782837, -2.1141953766345978e-05, 3475.625244140625], [0.001497296616435051, -0.00919486302882433, 0.9999566078186035, -325.1944274902344], [0.0, 0.0, 0.0, 1.0]], 'position': (8.952558949383729, 0.007908307281468296, -0.02283212475072105), 'yaw': 1.733983919434483, 'color_rgb': None, 'color_name': None, 'lane_type': carla.libcarla.LaneType.Parking, 'lane_type_str': 'Parking', 'is_in_junction': False, 'junction_id': -1, 'distance_to_junction': 178.0104522705078, 'next_junction_id': 18628, 'next_road_ids': [18684], 'next_next_road_ids': [877], 'same_road_as_ego': True, 'same_direction_as_ego': True, 'lane_relative_to_ego': 0, 'steer': 0.0, 'vehicle_cuts_in': False}, {'class': 'vehicle', 'state': 'static', 'id': '8268', 'location': [2812.052490234375, 4305.4921875, 360.6014709472656], 'rotation': [0.5505473613739014, 0.5400509238243103, 99.38397216796875], 'bbx_loc': [0.029246050864458084, 1.5709135823271936e-06, 0.7358533143997192], 'center': [2812.0419921875, 4305.5126953125, 361.3375244140625], 'extent': [2.1563007831573486, 0.9735524654388428, 0.6694470643997192], 'world_cord': [[2810.724853515625, 4307.47412109375, 362.0184631347656], [2810.735107421875, 4307.48876953125, 360.6796875], [2812.645751953125, 4307.79150390625, 362.0368347167969], [2812.65625, 4307.80615234375, 360.69805908203125], [2811.427978515625, 4303.2197265625, 361.9770202636719], [2811.438232421875, 4303.234375, 360.63824462890625], [2813.348876953125, 4303.53662109375, 361.9953918457031], [2813.359375, 4303.5517578125, 360.6566162109375]], 'semantic_tags': [], 'type_id': '/Game/Carla/Static/Car/4Wheeled/ParkedVehicles/TeslaM3/SM_TeslaM3_parked.SM_TeslaM3_parked', 'num_points': 2, 'distance': 28.968244895934674, 'speed': 0.0, 'brake': 1.0, 'light_state': 'NONE', 'road_id': 876, 'lane_id': -1, 'section_id': 0, 'world2vehicle': [[-0.16304244101047516, 0.9865722060203552, 0.009608715772628784, -3792.65966796875], [-0.9865887761116028, -0.16295336186885834, -0.009425091557204723, 3479.33251953125], [-0.007732761558145285, -0.0110165411606431, 0.9999094009399414, -291.3922119140625], [0.0, 0.0, 0.0, 1.0]], 'position': (28.965829870003745, -0.4617772700671594, -0.06726108239820405), 'yaw': 1.733983919434483, 'color_rgb': None, 'color_name': None, 'lane_type': carla.libcarla.LaneType.Parking, 'lane_type_str': 'Parking', 'is_in_junction': False, 'junction_id': -1, 'distance_to_junction': 158.00979614257812, 'next_junction_id': 18628, 'next_road_ids': [18684], 'next_next_road_ids': [877], 'same_road_as_ego': True, 'same_direction_as_ego': True, 'lane_relative_to_ego': 0, 'steer': 0.0, 'vehicle_cuts_in': False}, {'class': 'vehicle', 'state': 'static', 'id': '8267', 'location': [2801.969970703125, 4366.53466796875, 361.2404479980469], 'rotation': [0.6440936326980591, 0.6297240853309631, 99.38451385498047], 'bbx_loc': [-0.005356029607355595, 8.244646778621245e-06, 0.7655629515647888], 'center': [2801.9638671875, 4366.51953125, 362.005859375], 'extent': [2.253521203994751, 0.9436876177787781, 0.6906262040138245], 'world_cord': [[2800.6591796875, 4368.580078125, 362.71136474609375], [2800.671630859375, 4368.59765625, 361.3302917480469], [2802.521240234375, 4368.8876953125, 362.7320861816406], [2802.53369140625, 4368.9052734375, 361.35101318359375], [2801.39404296875, 4364.1337890625, 362.66070556640625], [2801.406494140625, 4364.1513671875, 361.27960205078125], [2803.256103515625, 4364.44091796875, 362.6814270019531], [2803.2685546875, 4364.458984375, 361.30035400390625]], 'semantic_tags': [], 'type_id': '/Game/Carla/Static/Car/4Wheeled/ParkedVehicles/Charger/SM_ChargerParked.SM_ChargerParked', 'num_points': 0, 'distance': 90.83512853910358, 'speed': 0.0, 'brake': 1.0, 'light_state': 'NONE', 'road_id': 876, 'lane_id': -1, 'section_id': 0, 'world2vehicle': [[-0.16304896771907806, 0.9865539073944092, 0.011241317726671696, -3855.024169921875], [-0.9865768551826477, -0.1629275232553482, -0.010989842005074024, 3479.75732421875], [-0.009010551497340202, -0.01288230624049902, 0.9998764395713806, -279.69744873046875], [0.0, 0.0, 0.0, 1.0]], 'position': (90.83856422647159, -0.43043171089948373, -0.1837338476801733), 'yaw': 1.733983919434483, 'color_rgb': None, 'color_name': None, 'lane_type': carla.libcarla.LaneType.Parking, 'lane_type_str': 'Parking', 'is_in_junction': False, 'junction_id': -1, 'distance_to_junction': 96.00638580322266, 'next_junction_id': 18628, 'next_road_ids': [18684], 'next_next_road_ids': [877], 'same_road_as_ego': True, 'same_direction_as_ego': True, 'lane_relative_to_ego': 0, 'steer': 0.0, 'vehicle_cuts_in': False}, {'class': 'vehicle', 'state': 'static', 'id': '8264', 'location': [2820.464599609375, 4306.87841796875, 360.6014404296875], 'rotation': [-0.5424808859825134, -0.5528258085250854, -80.61591339111328], 'bbx_loc': [0.029252871870994568, -7.5048869803140406e-06, 0.7358478307723999], 'center': [2820.46337890625, 4306.84130859375, 361.3369445800781], 'extent': [2.1563007831573486, 0.9735524654388428, 0.6694470643997192], 'world_cord': [[2821.770263671875, 4304.86572265625, 361.99530029296875], [2821.781005859375, 4304.88037109375, 360.6565246582031], [2819.84912109375, 4304.54833984375, 361.9765319824219], [2819.85986328125, 4304.56298828125, 360.63775634765625], [2821.067138671875, 4309.1201171875, 362.0361328125], [2821.07763671875, 4309.134765625, 360.6973571777344], [2819.14599609375, 4308.802734375, 362.0173645019531], [2819.15673828125, 4308.8173828125, 360.6785888671875]], 'semantic_tags': [], 'type_id': '/Game/Carla/Static/Car/4Wheeled/ParkedVehicles/TeslaM3/SM_TeslaM3_parked.SM_TeslaM3_parked', 'num_points': 18, 'distance': 30.327970163381476, 'speed': 0.0, 'brake': 1.0, 'light_state': 'NONE', 'road_id': 876, 'lane_id': 1, 'section_id': 0, 'world2vehicle': [[0.16304470598697662, -0.9865732789039612, -0.009467936120927334, 3792.603515625], [0.9865864515304565, 0.16295430064201355, 0.00964804831892252, -3487.935546875], [-0.007975665852427483, -0.010914000682532787, 0.9999086260795593, -291.068115234375], [0.0, 0.0, 0.0, 1.0]], 'position': (28.966976160784725, -8.98733955079797, -0.06716936955865549), 'yaw': 1.733983919434483, 'color_rgb': None, 'color_name': None, 'lane_type': carla.libcarla.LaneType.Parking, 'lane_type_str': 'Parking', 'is_in_junction': False, 'junction_id': -1, 'distance_to_junction': None, 'next_junction_id': -1, 'next_road_ids': [876], 'next_next_road_ids': [], 'same_road_as_ego': True, 'same_direction_as_ego': False, 'lane_relative_to_ego': -3, 'steer': 0.0, 'vehicle_cuts_in': False}]
[debug] 1
[debug] 2
[debug] scenario_name = ParkingExit
[debug] in ParkingExit branch
[debug] lane_type_str = Parking
[debug] ego[num_lanes_same_direction] = 2
[debug] ego[num_lanes_opposite_direction] = 1
[debug] ego[ego_lane_number] = 1
[debug] ego[lane_change] = NONE
[debug] ego[lane_change_str] = NONE
[debug] ego[lane_type] = Parking
[debug] ego[lane_type_str] = Parking
[debug] ego[left_lane_marking_color] = White
[debug] ego[left_lane_marking_color_str] = White
[debug] ego[left_lane_marking_type] = Solid
[debug] ego[left_lane_marking_type_str] = Solid
[debug] ego[right_lane_marking_color] = White
[debug] ego[right_lane_marking_color_str] = White
[debug] ego[right_lane_marking_type] = NONE
[debug] ego[right_lane_marking_type_str] = NONE
[debug] ego[shoulder_left] = False
[debug] ego[parking_left] = True
[debug] ego[sidewalk_left] = True
[debug] ego[bike_lane_left] = False
[debug] ego[shoulder_right] = False
[debug] ego[parking_right] = False
[debug] ego[sidewalk_right] = True
[debug] ego[bike_lane_right] = False
[debug] ego[is_in_junction] = False
[debug] ego[junction_id] = -1
[debug] ego[distance_to_junction] = 186.0107421875
[debug] ego[next_junction_id] = 18628
[debug] ego[next_road_ids] = [18684]
[debug] ego[next_next_road_ids] = [877]
[debug] ego[distance_to_junction_ego] = 186.0107421875
[debug] ego[next_junction_id_ego] = 18628
[debug] ego[next_road_ids_ego] = [18684]
[debug] ego[next_next_road_ids_ego] = [877]
[debug] path = ../../../Bench2Drive-rep/ParkingExit_Town12_Route1305_Weather18/anno/00010.json.gz
[debug] relevant_objects = [{'class': 'vehicle', 'state': 'dynamic', 'id': '8104', 'location': [2814.84033203125, 4285.66943359375, 360.40155029296875], 'rotation': [0.5337724089622498, 0.0012113972334191203, 99.3789291381836], 'bbx_loc': [-0.002571781864389777, 5.777478236268507e-06, 0.720367431640625], 'center': [2814.841796875, 4285.66015625, 361.1218566894531], 'extent': [2.3368194103240967, 0.9059062600135803, 0.7209736704826355], 'world_cord': [[2813.568359375, 4287.8115234375, 361.86456298828125], [2813.566162109375, 4287.82470703125, 360.42266845703125], [2815.35595703125, 4288.10693359375, 361.8645935058594], [2815.353759765625, 4288.1201171875, 360.4226989746094], [2814.329833984375, 4283.20068359375, 361.8210144042969], [2814.32763671875, 4283.2138671875, 360.3791198730469], [2816.117431640625, 4283.49560546875, 361.821044921875], [2816.115234375, 4283.50927734375, 360.3791809082031]], 'semantic_tags': [14], 'type_id': 'vehicle.mercedes.coupe_2020', 'color': '187,187,187', 'base_type': 'car', 'num_points': 387, 'distance': 8.204046161338773, 'speed': 0.0, 'brake': 0.0, 'light_state': 'NONE', 'road_id': 876, 'lane_id': -1, 'section_id': 0, 'world2vehicle': [[-0.1629560887813568, 0.9865893721580505, 0.00931595079600811, -3772.85791015625], [-0.986632227897644, -0.16296297311782837, -2.1141953766345978e-05, 3475.625244140625], [0.001497296616435051, -0.00919486302882433, 0.9999566078186035, -325.1944274902344], [0.0, 0.0, 0.0, 1.0]], 'position': (8.108985760212818, 1.2464754079633167, -0.022241837007868526), 'yaw': 1.6078170622661425, 'color_rgb': None, 'color_name': None, 'lane_type': carla.libcarla.LaneType.Parking, 'lane_type_str': 'Parking', 'is_in_junction': False, 'junction_id': -1, 'distance_to_junction': 178.0104522705078, 'next_junction_id': 18628, 'next_road_ids': [18684], 'next_next_road_ids': [877], 'same_road_as_ego': True, 'same_direction_as_ego': True, 'lane_relative_to_ego': 0, 'steer': 0.0, 'vehicle_cuts_in': False}, {'class': 'vehicle', 'state': 'static', 'id': '8268', 'location': [2812.052490234375, 4305.4921875, 360.6014709472656], 'rotation': [0.5505473613739014, 0.5400509238243103, 99.38397216796875], 'bbx_loc': [0.029246050864458084, 1.5709135823271936e-06, 0.7358533143997192], 'center': [2812.0419921875, 4305.5126953125, 361.3375244140625], 'extent': [2.1563007831573486, 0.9735524654388428, 0.6694470643997192], 'world_cord': [[2810.724853515625, 4307.47412109375, 362.0184631347656], [2810.735107421875, 4307.48876953125, 360.6796875], [2812.645751953125, 4307.79150390625, 362.0368347167969], [2812.65625, 4307.80615234375, 360.69805908203125], [2811.427978515625, 4303.2197265625, 361.9770202636719], [2811.438232421875, 4303.234375, 360.63824462890625], [2813.348876953125, 4303.53662109375, 361.9953918457031], [2813.359375, 4303.5517578125, 360.6566162109375]], 'semantic_tags': [], 'type_id': '/Game/Carla/Static/Car/4Wheeled/ParkedVehicles/TeslaM3/SM_TeslaM3_parked.SM_TeslaM3_parked', 'num_points': 6, 'distance': 28.214660267904687, 'speed': 0.0, 'brake': 1.0, 'light_state': 'NONE', 'road_id': 876, 'lane_id': -1, 'section_id': 0, 'world2vehicle': [[-0.16304244101047516, 0.9865722060203552, 0.009608715772628784, -3792.65966796875], [-0.9865887761116028, -0.16295336186885834, -0.009425091557204723, 3479.33251953125], [-0.007732761558145285, -0.0110165411606431, 0.9999094009399414, -291.3922119140625], [0.0, 0.0, 0.0, 1.0]], 'position': (28.022211891120605, 3.2991834956142156, -0.08041966675398271), 'yaw': 1.6078170622661425, 'color_rgb': None, 'color_name': None, 'lane_type': carla.libcarla.LaneType.Parking, 'lane_type_str': 'Parking', 'is_in_junction': False, 'junction_id': -1, 'distance_to_junction': 158.00979614257812, 'next_junction_id': 18628, 'next_road_ids': [18684], 'next_next_road_ids': [877], 'same_road_as_ego': True, 'same_direction_as_ego': True, 'lane_relative_to_ego': 0, 'steer': 0.0, 'vehicle_cuts_in': False}, {'class': 'vehicle', 'state': 'static', 'id': '8267', 'location': [2801.969970703125, 4366.53466796875, 361.2404479980469], 'rotation': [0.6440936326980591, 0.6297240853309631, 99.38451385498047], 'bbx_loc': [-0.005356029607355595, 8.244646778621245e-06, 0.7655629515647888], 'center': [2801.9638671875, 4366.51953125, 362.005859375], 'extent': [2.253521203994751, 0.9436876177787781, 0.6906262040138245], 'world_cord': [[2800.6591796875, 4368.580078125, 362.71136474609375], [2800.671630859375, 4368.59765625, 361.3302917480469], [2802.521240234375, 4368.8876953125, 362.7320861816406], [2802.53369140625, 4368.9052734375, 361.35101318359375], [2801.39404296875, 4364.1337890625, 362.66070556640625], [2801.406494140625, 4364.1513671875, 361.27960205078125], [2803.256103515625, 4364.44091796875, 362.6814270019531], [2803.2685546875, 4364.458984375, 361.30035400390625]], 'semantic_tags': [], 'type_id': '/Game/Carla/Static/Car/4Wheeled/ParkedVehicles/Charger/SM_ChargerParked.SM_ChargerParked', 'num_points': 0, 'distance': 90.08334029121501, 'speed': 0.0, 'brake': 1.0, 'light_state': 'NONE', 'road_id': 876, 'lane_id': -1, 'section_id': 0, 'world2vehicle': [[-0.16304896771907806, 0.9865539073944092, 0.011241317726671696, -3855.024169921875], [-0.9865768551826477, -0.1629275232553482, -0.010989842005074024, 3479.75732421875], [-0.009010551497340202, -0.01288230624049902, 0.9998764395713806, -279.69744873046875], [0.0, 0.0, 0.0, 1.0]], 'position': (89.39903764965857, 11.116698620151055, -0.22643423123975026), 'yaw': 1.6078170622661425, 'color_rgb': None, 'color_name': None, 'lane_type': carla.libcarla.LaneType.Parking, 'lane_type_str': 'Parking', 'is_in_junction': False, 'junction_id': -1, 'distance_to_junction': 96.00638580322266, 'next_junction_id': 18628, 'next_road_ids': [18684], 'next_next_road_ids': [877], 'same_road_as_ego': True, 'same_direction_as_ego': True, 'lane_relative_to_ego': 0, 'steer': 0.0, 'vehicle_cuts_in': False}, {'class': 'vehicle', 'state': 'static', 'id': '8264', 'location': [2820.464599609375, 4306.87841796875, 360.6014404296875], 'rotation': [-0.5424808859825134, -0.5528258085250854, -80.61591339111328], 'bbx_loc': [0.029252871870994568, -7.5048869803140406e-06, 0.7358478307723999], 'center': [2820.46337890625, 4306.84130859375, 361.3369445800781], 'extent': [2.1563007831573486, 0.9735524654388428, 0.6694470643997192], 'world_cord': [[2821.770263671875, 4304.86572265625, 361.99530029296875], [2821.781005859375, 4304.88037109375, 360.6565246582031], [2819.84912109375, 4304.54833984375, 361.9765319824219], [2819.85986328125, 4304.56298828125, 360.63775634765625], [2821.067138671875, 4309.1201171875, 362.0361328125], [2821.07763671875, 4309.134765625, 360.6973571777344], [2819.14599609375, 4308.802734375, 362.0173645019531], [2819.15673828125, 4308.8173828125, 360.6785888671875]], 'semantic_tags': [], 'type_id': '/Game/Carla/Static/Car/4Wheeled/ParkedVehicles/TeslaM3/SM_TeslaM3_parked.SM_TeslaM3_parked', 'num_points': 22, 'distance': 29.54895045325547, 'speed': 0.0, 'brake': 1.0, 'light_state': 'NONE', 'road_id': 876, 'lane_id': 1, 'section_id': 0, 'world2vehicle': [[0.16304470598697662, -0.9865732789039612, -0.009467936120927334, 3792.603515625], [0.9865864515304565, 0.16295430064201355, 0.00964804831892252, -3487.935546875], [-0.007975665852427483, -0.010914000682532787, 0.9999086260795593, -291.068115234375], [0.0, 0.0, 0.0, 1.0]], 'position': (29.096040169625667, -5.158154489000935, -0.15484039119644422), 'yaw': 1.6078170622661425, 'color_rgb': None, 'color_name': None, 'lane_type': carla.libcarla.LaneType.Parking, 'lane_type_str': 'Parking', 'is_in_junction': False, 'junction_id': -1, 'distance_to_junction': None, 'next_junction_id': -1, 'next_road_ids': [876], 'next_next_road_ids': [], 'same_road_as_ego': True, 'same_direction_as_ego': False, 'lane_relative_to_ego': -3, 'steer': 0.0, 'vehicle_cuts_in': False}]
[debug] 1
[debug] 2
[debug] scenario_name = ParkingExit
[debug] in ParkingExit branch
[debug] lane_type_str = Parking
[debug] ego[num_lanes_same_direction] = 2
[debug] ego[num_lanes_opposite_direction] = 1
[debug] ego[ego_lane_number] = 1
[debug] ego[lane_change] = NONE
[debug] ego[lane_change_str] = NONE
[debug] ego[lane_type] = Parking
[debug] ego[lane_type_str] = Parking
[debug] ego[left_lane_marking_color] = White
[debug] ego[left_lane_marking_color_str] = White
[debug] ego[left_lane_marking_type] = Solid
[debug] ego[left_lane_marking_type_str] = Solid
[debug] ego[right_lane_marking_color] = White
[debug] ego[right_lane_marking_color_str] = White
[debug] ego[right_lane_marking_type] = NONE
[debug] ego[right_lane_marking_type_str] = NONE
[debug] ego[shoulder_left] = False
[debug] ego[parking_left] = True
[debug] ego[sidewalk_left] = True
[debug] ego[bike_lane_left] = False
[debug] ego[shoulder_right] = False
[debug] ego[parking_right] = False
[debug] ego[sidewalk_right] = True
[debug] ego[bike_lane_right] = False
[debug] ego[is_in_junction] = False
[debug] ego[junction_id] = -1
[debug] ego[distance_to_junction] = 185.01101684570312
[debug] ego[next_junction_id] = 18628
[debug] ego[next_road_ids] = [18684]
[debug] ego[next_next_road_ids] = [877]
[debug] ego[distance_to_junction_ego] = 185.01101684570312
[debug] ego[next_junction_id_ego] = 18628
[debug] ego[next_road_ids_ego] = [18684]
[debug] ego[next_next_road_ids_ego] = [877]
[debug] path = ../../../Bench2Drive-rep/ParkingExit_Town12_Route1305_Weather18/anno/00015.json.gz
