[debug] res = (False, [])
[debug] current frame if 0
[debug] hazardous_actors = []
[debug] combined_actors = []
[debug] finally, hazardous_actors = []
[debug] speed limit is 10000
[debug] res = (False, [])
[debug] current frame if 5
[debug] hazardous_actors = []
[debug] combined_actors = []
[debug] finally, hazardous_actors = []
[debug] speed limit is 10000
[debug] res = (False, [])
[debug] current frame if 10
[debug] hazardous_actors = []
[debug] combined_actors = []
[debug] finally, hazardous_actors = []
[debug] speed limit is 10000
[debug] res = (False, [])
[debug] current frame if 15
[debug] hazardous_actors = []
[debug] combined_actors = []
[debug] finally, hazardous_actors = []
[debug] speed limit is 10000
[debug] res = (True, {'class': 'vehicle', 'state': 'dynamic', 'id': '7849', 'location': [205.09793090820312, -193.07911682128906, -0.0016667938325554132], 'rotation': [-0.2073986828327179, 0.006116105709224939, 12.934120178222656], 'bbx_loc': [-0.0025947135873138905, -4.658825673686806e-06, 0.7203620076179504], 'center': [205.09793090820312, -193.07904052734375, 0.7186999320983887], 'extent': [2.3368194103240967, 0.9059062600135803, 0.7209736704826355], 'world_cord': [[207.17520141601562, -191.6724090576172, 1.431113362312317], [207.17015075683594, -191.67373657226562, -0.010824537836015224], [207.5807342529297, -193.43826293945312, 1.4313068389892578], [207.57568359375, -193.4395751953125, -0.010631134733557701], [202.6201629638672, -192.718505859375, 1.448030948638916], [202.6151123046875, -192.71983337402344, 0.0060930149629712105], [203.0257110595703, -194.48435974121094, 1.4482243061065674], [203.02066040039062, -194.4856719970703, 0.006286418065428734]], 'semantic_tags': [14], 'type_id': 'vehicle.mercedes.coupe_2020', 'color': '187,187,187', 'base_type': 'car', 'num_points': 252, 'distance': 9.97214574303079, 'speed': 0.6213379312189125, 'brake': 0.0, 'light_state': '3', 'road_id': 65, 'lane_id': -2, 'section_id': 0, 'world2vehicle': [[0.9746217131614685, 0.22382909059524536, -0.0036197819281369448, -156.67617797851562], [-0.2238309234380722, 0.9746280312538147, -0.00010674547957023606, 234.0875701904297], [0.003504048101603985, 0.0009142556227743626, 0.9999934434890747, -0.5404825210571289], [0.0, 0.0, 0.0, 1.0]], 'position': (9.958909498380137, 0.49947674142964615, -0.11915831217121764), 'yaw': 0.027088080872821167, 'color_rgb': None, 'color_name': None, 'lane_type': carla.libcarla.LaneType.Driving, 'lane_type_str': 'Driving', 'is_in_junction': False, 'junction_id': -1, 'distance_to_junction': 179.16954040527344, 'next_junction_id': 1135, 'next_road_ids': [1165], 'next_next_road_ids': [66], 'same_road_as_ego': True, 'same_direction_as_ego': True, 'lane_relative_to_ego': 0, 'steer': 0.0, 'vehicle_cuts_in': False})
[debug] current frame if 20
[debug] hazardous_actors = []
[debug] combined_actors = [{'class': 'vehicle', 'state': 'dynamic', 'id': '7849', 'location': [205.09793090820312, -193.07911682128906, -0.0016667938325554132], 'rotation': [-0.2073986828327179, 0.006116105709224939, 12.934120178222656], 'bbx_loc': [-0.0025947135873138905, -4.658825673686806e-06, 0.7203620076179504], 'center': [205.09793090820312, -193.07904052734375, 0.7186999320983887], 'extent': [2.3368194103240967, 0.9059062600135803, 0.7209736704826355], 'world_cord': [[207.17520141601562, -191.6724090576172, 1.431113362312317], [207.17015075683594, -191.67373657226562, -0.010824537836015224], [207.5807342529297, -193.43826293945312, 1.4313068389892578], [207.57568359375, -193.4395751953125, -0.010631134733557701], [202.6201629638672, -192.718505859375, 1.448030948638916], [202.6151123046875, -192.71983337402344, 0.0060930149629712105], [203.0257110595703, -194.48435974121094, 1.4482243061065674], [203.02066040039062, -194.4856719970703, 0.006286418065428734]], 'semantic_tags': [14], 'type_id': 'vehicle.mercedes.coupe_2020', 'color': '187,187,187', 'base_type': 'car', 'num_points': 252, 'distance': 9.97214574303079, 'speed': 0.6213379312189125, 'brake': 0.0, 'light_state': '3', 'road_id': 65, 'lane_id': -2, 'section_id': 0, 'world2vehicle': [[0.9746217131614685, 0.22382909059524536, -0.0036197819281369448, -156.67617797851562], [-0.2238309234380722, 0.9746280312538147, -0.00010674547957023606, 234.0875701904297], [0.003504048101603985, 0.0009142556227743626, 0.9999934434890747, -0.5404825210571289], [0.0, 0.0, 0.0, 1.0]], 'position': (9.958909498380137, 0.49947674142964615, -0.11915831217121764), 'yaw': 0.027088080872821167, 'color_rgb': None, 'color_name': None, 'lane_type': carla.libcarla.LaneType.Driving, 'lane_type_str': 'Driving', 'is_in_junction': False, 'junction_id': -1, 'distance_to_junction': 179.16954040527344, 'next_junction_id': 1135, 'next_road_ids': [1165], 'next_next_road_ids': [66], 'same_road_as_ego': True, 'same_direction_as_ego': True, 'lane_relative_to_ego': 0, 'steer': 0.0, 'vehicle_cuts_in': False}]
[debug] finally, hazardous_actors = [{'class': 'vehicle', 'state': 'dynamic', 'id': '7849', 'location': [205.09793090820312, -193.07911682128906, -0.0016667938325554132], 'rotation': [-0.2073986828327179, 0.006116105709224939, 12.934120178222656], 'bbx_loc': [-0.0025947135873138905, -4.658825673686806e-06, 0.7203620076179504], 'center': [205.09793090820312, -193.07904052734375, 0.7186999320983887], 'extent': [2.3368194103240967, 0.9059062600135803, 0.7209736704826355], 'world_cord': [[207.17520141601562, -191.6724090576172, 1.431113362312317], [207.17015075683594, -191.67373657226562, -0.010824537836015224], [207.5807342529297, -193.43826293945312, 1.4313068389892578], [207.57568359375, -193.4395751953125, -0.010631134733557701], [202.6201629638672, -192.718505859375, 1.448030948638916], [202.6151123046875, -192.71983337402344, 0.0060930149629712105], [203.0257110595703, -194.48435974121094, 1.4482243061065674], [203.02066040039062, -194.4856719970703, 0.006286418065428734]], 'semantic_tags': [14], 'type_id': 'vehicle.mercedes.coupe_2020', 'color': '187,187,187', 'base_type': 'car', 'num_points': 252, 'distance': 9.97214574303079, 'speed': 0.6213379312189125, 'brake': 0.0, 'light_state': '3', 'road_id': 65, 'lane_id': -2, 'section_id': 0, 'world2vehicle': [[0.9746217131614685, 0.22382909059524536, -0.0036197819281369448, -156.67617797851562], [-0.2238309234380722, 0.9746280312538147, -0.00010674547957023606, 234.0875701904297], [0.003504048101603985, 0.0009142556227743626, 0.9999934434890747, -0.5404825210571289], [0.0, 0.0, 0.0, 1.0]], 'position': (9.958909498380137, 0.49947674142964615, -0.11915831217121764), 'yaw': 0.027088080872821167, 'color_rgb': None, 'color_name': None, 'lane_type': carla.libcarla.LaneType.Driving, 'lane_type_str': 'Driving', 'is_in_junction': False, 'junction_id': -1, 'distance_to_junction': 179.16954040527344, 'next_junction_id': 1135, 'next_road_ids': [1165], 'next_next_road_ids': [66], 'same_road_as_ego': True, 'same_direction_as_ego': True, 'lane_relative_to_ego': 0, 'steer': 0.0, 'vehicle_cuts_in': False}]
[debug] speed limit is 10000
[debug] res = (False, [])
[debug] current frame if 25
[debug] hazardous_actors = []
[debug] combined_actors = []
[debug] finally, hazardous_actors = []
[debug] speed limit is 10000
[debug] res = (False, [])
[debug] current frame if 30
[debug] hazardous_actors = []
[debug] combined_actors = []
[debug] finally, hazardous_actors = []
[debug] speed limit is 10000
[debug] res = (False, [])
[debug] current frame if 35
[debug] static object in hazard: {'class': 'traffic_sign', 'id': '7802', 'location': [224.51988220214844, -180.06622314453125, 0.001015472342260182], 'rotation': [0.0021856604143977165, -0.0028381342999637127, -26.107919692993164], 'bbx_loc': [0.0, 0.0, 1.784765601158142], 'center': [224.519775390625, -180.06626892089844, 1.7857810258865356], 'extent': [1.6972460746765137, 0.7666210532188416, 1.784765601158142], 'world_cord': [[226.38111877441406, -180.12481689453125, 3.5706493854522705], [226.38131713867188, -180.12472534179688, 0.0011181915178894997], [225.70639038085938, -181.50161743164062, 3.570573329925537], [225.7065887451172, -181.50152587890625, 0.0010422427440062165], [223.33297729492188, -178.6310272216797, 3.5705199241638184], [223.3331756591797, -178.63092041015625, 0.0009887019405141473], [222.6582489013672, -180.00782775878906, 3.570443868637085], [222.658447265625, -180.00772094726562, 0.0009127531666308641]], 'semantic_tags': [], 'type_id': 'static.prop.trafficwarning', 'distance': 19.55499585891225, 'affects_ego': True, 'road_id': 65, 'lane_id': -2, 'section_id': 0, 'world2sign': [[0.897966742515564, -0.4400632977485657, 3.814696901827119e-05, -280.8519287109375], [0.4400632977485657, 0.897966742515564, 4.95347885589581e-05, 62.89051818847656], [-5.60531516384799e-05, -2.769351158349309e-05, 1.0, 0.00658290833234787], [0.0, 0.0, 0.0, 1.0]]}
[debug] hazardous_actors = [{'class': 'traffic_sign', 'id': '7802', 'location': [224.51988220214844, -180.06622314453125, 0.001015472342260182], 'rotation': [0.0021856604143977165, -0.0028381342999637127, -26.107919692993164], 'bbx_loc': [0.0, 0.0, 1.784765601158142], 'center': [224.519775390625, -180.06626892089844, 1.7857810258865356], 'extent': [1.6972460746765137, 0.7666210532188416, 1.784765601158142], 'world_cord': [[226.38111877441406, -180.12481689453125, 3.5706493854522705], [226.38131713867188, -180.12472534179688, 0.0011181915178894997], [225.70639038085938, -181.50161743164062, 3.570573329925537], [225.7065887451172, -181.50152587890625, 0.0010422427440062165], [223.33297729492188, -178.6310272216797, 3.5705199241638184], [223.3331756591797, -178.63092041015625, 0.0009887019405141473], [222.6582489013672, -180.00782775878906, 3.570443868637085], [222.658447265625, -180.00772094726562, 0.0009127531666308641]], 'semantic_tags': [], 'type_id': 'static.prop.trafficwarning', 'distance': 19.55499585891225, 'affects_ego': True, 'road_id': 65, 'lane_id': -2, 'section_id': 0, 'world2sign': [[0.897966742515564, -0.4400632977485657, 3.814696901827119e-05, -280.8519287109375], [0.4400632977485657, 0.897966742515564, 4.95347885589581e-05, 62.89051818847656], [-5.60531516384799e-05, -2.769351158349309e-05, 1.0, 0.00658290833234787], [0.0, 0.0, 0.0, 1.0]]}]
[debug] combined_actors = [{'class': 'traffic_sign', 'id': '7802', 'location': [224.51988220214844, -180.06622314453125, 0.001015472342260182], 'rotation': [0.0021856604143977165, -0.0028381342999637127, -26.107919692993164], 'bbx_loc': [0.0, 0.0, 1.784765601158142], 'center': [224.519775390625, -180.06626892089844, 1.7857810258865356], 'extent': [1.6972460746765137, 0.7666210532188416, 1.784765601158142], 'world_cord': [[226.38111877441406, -180.12481689453125, 3.5706493854522705], [226.38131713867188, -180.12472534179688, 0.0011181915178894997], [225.70639038085938, -181.50161743164062, 3.570573329925537], [225.7065887451172, -181.50152587890625, 0.0010422427440062165], [223.33297729492188, -178.6310272216797, 3.5705199241638184], [223.3331756591797, -178.63092041015625, 0.0009887019405141473], [222.6582489013672, -180.00782775878906, 3.570443868637085], [222.658447265625, -180.00772094726562, 0.0009127531666308641]], 'semantic_tags': [], 'type_id': 'static.prop.trafficwarning', 'distance': 19.55499585891225, 'affects_ego': True, 'road_id': 65, 'lane_id': -2, 'section_id': 0, 'world2sign': [[0.897966742515564, -0.4400632977485657, 3.814696901827119e-05, -280.8519287109375], [0.4400632977485657, 0.897966742515564, 4.95347885589581e-05, 62.89051818847656], [-5.60531516384799e-05, -2.769351158349309e-05, 1.0, 0.00658290833234787], [0.0, 0.0, 0.0, 1.0]], 'position': (18.166976572328224, 7.2322098781876605, -0.2330796853893382), 'yaw': 0.288999117539483}]
[debug] finally, hazardous_actors = [{'class': 'traffic_sign', 'id': '7802', 'location': [224.51988220214844, -180.06622314453125, 0.001015472342260182], 'rotation': [0.0021856604143977165, -0.0028381342999637127, -26.107919692993164], 'bbx_loc': [0.0, 0.0, 1.784765601158142], 'center': [224.519775390625, -180.06626892089844, 1.7857810258865356], 'extent': [1.6972460746765137, 0.7666210532188416, 1.784765601158142], 'world_cord': [[226.38111877441406, -180.12481689453125, 3.5706493854522705], [226.38131713867188, -180.12472534179688, 0.0011181915178894997], [225.70639038085938, -181.50161743164062, 3.570573329925537], [225.7065887451172, -181.50152587890625, 0.0010422427440062165], [223.33297729492188, -178.6310272216797, 3.5705199241638184], [223.3331756591797, -178.63092041015625, 0.0009887019405141473], [222.6582489013672, -180.00782775878906, 3.570443868637085], [222.658447265625, -180.00772094726562, 0.0009127531666308641]], 'semantic_tags': [], 'type_id': 'static.prop.trafficwarning', 'distance': 19.55499585891225, 'affects_ego': True, 'road_id': 65, 'lane_id': -2, 'section_id': 0, 'world2sign': [[0.897966742515564, -0.4400632977485657, 3.814696901827119e-05, -280.8519287109375], [0.4400632977485657, 0.897966742515564, 4.95347885589581e-05, 62.89051818847656], [-5.60531516384799e-05, -2.769351158349309e-05, 1.0, 0.00658290833234787], [0.0, 0.0, 0.0, 1.0]], 'position': (18.166976572328224, 7.2322098781876605, -0.2330796853893382), 'yaw': 0.288999117539483}]
[debug] speed limit is 10000
[debug] res = (False, [])
[debug] current frame if 40
[debug] static object in hazard: {'class': 'traffic_sign', 'id': '7802', 'location': [224.51988220214844, -180.06622314453125, 0.001015472342260182], 'rotation': [0.0021856604143977165, -0.0028381342999637127, -26.107919692993164], 'bbx_loc': [0.0, 0.0, 1.784765601158142], 'center': [224.519775390625, -180.06626892089844, 1.7857810258865356], 'extent': [1.6972460746765137, 0.7666210532188416, 1.784765601158142], 'world_cord': [[226.38111877441406, -180.12481689453125, 3.5706493854522705], [226.38131713867188, -180.12472534179688, 0.0011181915178894997], [225.70639038085938, -181.50161743164062, 3.570573329925537], [225.7065887451172, -181.50152587890625, 0.0010422427440062165], [223.33297729492188, -178.6310272216797, 3.5705199241638184], [223.3331756591797, -178.63092041015625, 0.0009887019405141473], [222.6582489013672, -180.00782775878906, 3.570443868637085], [222.658447265625, -180.00772094726562, 0.0009127531666308641]], 'semantic_tags': [], 'type_id': 'static.prop.trafficwarning', 'distance': 14.788683221375123, 'affects_ego': True, 'road_id': 65, 'lane_id': -2, 'section_id': 0, 'world2sign': [[0.897966742515564, -0.4400632977485657, 3.814696901827119e-05, -280.8519287109375], [0.4400632977485657, 0.897966742515564, 4.95347885589581e-05, 62.89051818847656], [-5.60531516384799e-05, -2.769351158349309e-05, 1.0, 0.00658290833234787], [0.0, 0.0, 0.0, 1.0]]}
[debug] static object in hazard: {'class': 'traffic_sign', 'id': '7802', 'location': [224.51988220214844, -180.06622314453125, 0.001015472342260182], 'rotation': [0.0021856604143977165, -0.0028381342999637127, -26.107919692993164], 'bbx_loc': [0.0, 0.0, 1.784765601158142], 'center': [224.519775390625, -180.06626892089844, 1.7857810258865356], 'extent': [1.6972460746765137, 0.7666210532188416, 1.784765601158142], 'world_cord': [[226.38111877441406, -180.12481689453125, 3.5706493854522705], [226.38131713867188, -180.12472534179688, 0.0011181915178894997], [225.70639038085938, -181.50161743164062, 3.570573329925537], [225.7065887451172, -181.50152587890625, 0.0010422427440062165], [223.33297729492188, -178.6310272216797, 3.5705199241638184], [223.3331756591797, -178.63092041015625, 0.0009887019405141473], [222.6582489013672, -180.00782775878906, 3.570443868637085], [222.658447265625, -180.00772094726562, 0.0009127531666308641]], 'semantic_tags': [], 'type_id': 'static.prop.trafficwarning', 'distance': 14.788683221375123, 'affects_ego': True, 'road_id': 65, 'lane_id': -2, 'section_id': 0, 'world2sign': [[0.897966742515564, -0.4400632977485657, 3.814696901827119e-05, -280.8519287109375], [0.4400632977485657, 0.897966742515564, 4.95347885589581e-05, 62.89051818847656], [-5.60531516384799e-05, -2.769351158349309e-05, 1.0, 0.00658290833234787], [0.0, 0.0, 0.0, 1.0]]}
[debug] hazardous_actors = [{'class': 'traffic_sign', 'id': '7802', 'location': [224.51988220214844, -180.06622314453125, 0.001015472342260182], 'rotation': [0.0021856604143977165, -0.0028381342999637127, -26.107919692993164], 'bbx_loc': [0.0, 0.0, 1.784765601158142], 'center': [224.519775390625, -180.06626892089844, 1.7857810258865356], 'extent': [1.6972460746765137, 0.7666210532188416, 1.784765601158142], 'world_cord': [[226.38111877441406, -180.12481689453125, 3.5706493854522705], [226.38131713867188, -180.12472534179688, 0.0011181915178894997], [225.70639038085938, -181.50161743164062, 3.570573329925537], [225.7065887451172, -181.50152587890625, 0.0010422427440062165], [223.33297729492188, -178.6310272216797, 3.5705199241638184], [223.3331756591797, -178.63092041015625, 0.0009887019405141473], [222.6582489013672, -180.00782775878906, 3.570443868637085], [222.658447265625, -180.00772094726562, 0.0009127531666308641]], 'semantic_tags': [], 'type_id': 'static.prop.trafficwarning', 'distance': 14.788683221375123, 'affects_ego': True, 'road_id': 65, 'lane_id': -2, 'section_id': 0, 'world2sign': [[0.897966742515564, -0.4400632977485657, 3.814696901827119e-05, -280.8519287109375], [0.4400632977485657, 0.897966742515564, 4.95347885589581e-05, 62.89051818847656], [-5.60531516384799e-05, -2.769351158349309e-05, 1.0, 0.00658290833234787], [0.0, 0.0, 0.0, 1.0]]}]
[debug] combined_actors = [{'class': 'traffic_sign', 'id': '7802', 'location': [224.51988220214844, -180.06622314453125, 0.001015472342260182], 'rotation': [0.0021856604143977165, -0.0028381342999637127, -26.107919692993164], 'bbx_loc': [0.0, 0.0, 1.784765601158142], 'center': [224.519775390625, -180.06626892089844, 1.7857810258865356], 'extent': [1.6972460746765137, 0.7666210532188416, 1.784765601158142], 'world_cord': [[226.38111877441406, -180.12481689453125, 3.5706493854522705], [226.38131713867188, -180.12472534179688, 0.0011181915178894997], [225.70639038085938, -181.50161743164062, 3.570573329925537], [225.7065887451172, -181.50152587890625, 0.0010422427440062165], [223.33297729492188, -178.6310272216797, 3.5705199241638184], [223.3331756591797, -178.63092041015625, 0.0009887019405141473], [222.6582489013672, -180.00782775878906, 3.570443868637085], [222.658447265625, -180.00772094726562, 0.0009127531666308641]], 'semantic_tags': [], 'type_id': 'static.prop.trafficwarning', 'distance': 14.788683221375123, 'affects_ego': True, 'road_id': 65, 'lane_id': -2, 'section_id': 0, 'world2sign': [[0.897966742515564, -0.4400632977485657, 3.814696901827119e-05, -280.8519287109375], [0.4400632977485657, 0.897966742515564, 4.95347885589581e-05, 62.89051818847656], [-5.60531516384799e-05, -2.769351158349309e-05, 1.0, 0.00658290833234787], [0.0, 0.0, 0.0, 1.0]], 'position': (14.475125062081787, 3.0290998832117566, -0.021533066739570117), 'yaw': 0.533411359082264}]
[debug] finally, hazardous_actors = [{'class': 'traffic_sign', 'id': '7802', 'location': [224.51988220214844, -180.06622314453125, 0.001015472342260182], 'rotation': [0.0021856604143977165, -0.0028381342999637127, -26.107919692993164], 'bbx_loc': [0.0, 0.0, 1.784765601158142], 'center': [224.519775390625, -180.06626892089844, 1.7857810258865356], 'extent': [1.6972460746765137, 0.7666210532188416, 1.784765601158142], 'world_cord': [[226.38111877441406, -180.12481689453125, 3.5706493854522705], [226.38131713867188, -180.12472534179688, 0.0011181915178894997], [225.70639038085938, -181.50161743164062, 3.570573329925537], [225.7065887451172, -181.50152587890625, 0.0010422427440062165], [223.33297729492188, -178.6310272216797, 3.5705199241638184], [223.3331756591797, -178.63092041015625, 0.0009887019405141473], [222.6582489013672, -180.00782775878906, 3.570443868637085], [222.658447265625, -180.00772094726562, 0.0009127531666308641]], 'semantic_tags': [], 'type_id': 'static.prop.trafficwarning', 'distance': 14.788683221375123, 'affects_ego': True, 'road_id': 65, 'lane_id': -2, 'section_id': 0, 'world2sign': [[0.897966742515564, -0.4400632977485657, 3.814696901827119e-05, -280.8519287109375], [0.4400632977485657, 0.897966742515564, 4.95347885589581e-05, 62.89051818847656], [-5.60531516384799e-05, -2.769351158349309e-05, 1.0, 0.00658290833234787], [0.0, 0.0, 0.0, 1.0]], 'position': (14.475125062081787, 3.0290998832117566, -0.021533066739570117), 'yaw': 0.533411359082264}]
[debug] speed limit is 10000
[debug] res = (False, [])
[debug] current frame if 45
[debug] static object in hazard: {'class': 'traffic_sign', 'id': '7802', 'location': [224.51988220214844, -180.06622314453125, 0.001015472342260182], 'rotation': [0.0021856604143977165, -0.0028381342999637127, -26.107919692993164], 'bbx_loc': [0.0, 0.0, 1.784765601158142], 'center': [224.519775390625, -180.06626892089844, 1.7857810258865356], 'extent': [1.6972460746765137, 0.7666210532188416, 1.784765601158142], 'world_cord': [[226.38111877441406, -180.12481689453125, 3.5706493854522705], [226.38131713867188, -180.12472534179688, 0.0011181915178894997], [225.70639038085938, -181.50161743164062, 3.570573329925537], [225.7065887451172, -181.50152587890625, 0.0010422427440062165], [223.33297729492188, -178.6310272216797, 3.5705199241638184], [223.3331756591797, -178.63092041015625, 0.0009887019405141473], [222.6582489013672, -180.00782775878906, 3.570443868637085], [222.658447265625, -180.00772094726562, 0.0009127531666308641]], 'semantic_tags': [], 'type_id': 'static.prop.trafficwarning', 'distance': 10.796621022451662, 'affects_ego': True, 'road_id': 65, 'lane_id': -2, 'section_id': 0, 'world2sign': [[0.897966742515564, -0.4400632977485657, 3.814696901827119e-05, -280.8519287109375], [0.4400632977485657, 0.897966742515564, 4.95347885589581e-05, 62.89051818847656], [-5.60531516384799e-05, -2.769351158349309e-05, 1.0, 0.00658290833234787], [0.0, 0.0, 0.0, 1.0]]}
[debug] static object in hazard: {'class': 'traffic_sign', 'id': '7802', 'location': [224.51988220214844, -180.06622314453125, 0.001015472342260182], 'rotation': [0.0021856604143977165, -0.0028381342999637127, -26.107919692993164], 'bbx_loc': [0.0, 0.0, 1.784765601158142], 'center': [224.519775390625, -180.06626892089844, 1.7857810258865356], 'extent': [1.6972460746765137, 0.7666210532188416, 1.784765601158142], 'world_cord': [[226.38111877441406, -180.12481689453125, 3.5706493854522705], [226.38131713867188, -180.12472534179688, 0.0011181915178894997], [225.70639038085938, -181.50161743164062, 3.570573329925537], [225.7065887451172, -181.50152587890625, 0.0010422427440062165], [223.33297729492188, -178.6310272216797, 3.5705199241638184], [223.3331756591797, -178.63092041015625, 0.0009887019405141473], [222.6582489013672, -180.00782775878906, 3.570443868637085], [222.658447265625, -180.00772094726562, 0.0009127531666308641]], 'semantic_tags': [], 'type_id': 'static.prop.trafficwarning', 'distance': 10.796621022451662, 'affects_ego': True, 'road_id': 65, 'lane_id': -2, 'section_id': 0, 'world2sign': [[0.897966742515564, -0.4400632977485657, 3.814696901827119e-05, -280.8519287109375], [0.4400632977485657, 0.897966742515564, 4.95347885589581e-05, 62.89051818847656], [-5.60531516384799e-05, -2.769351158349309e-05, 1.0, 0.00658290833234787], [0.0, 0.0, 0.0, 1.0]]}
[debug] hazardous_actors = [{'class': 'traffic_sign', 'id': '7802', 'location': [224.51988220214844, -180.06622314453125, 0.001015472342260182], 'rotation': [0.0021856604143977165, -0.0028381342999637127, -26.107919692993164], 'bbx_loc': [0.0, 0.0, 1.784765601158142], 'center': [224.519775390625, -180.06626892089844, 1.7857810258865356], 'extent': [1.6972460746765137, 0.7666210532188416, 1.784765601158142], 'world_cord': [[226.38111877441406, -180.12481689453125, 3.5706493854522705], [226.38131713867188, -180.12472534179688, 0.0011181915178894997], [225.70639038085938, -181.50161743164062, 3.570573329925537], [225.7065887451172, -181.50152587890625, 0.0010422427440062165], [223.33297729492188, -178.6310272216797, 3.5705199241638184], [223.3331756591797, -178.63092041015625, 0.0009887019405141473], [222.6582489013672, -180.00782775878906, 3.570443868637085], [222.658447265625, -180.00772094726562, 0.0009127531666308641]], 'semantic_tags': [], 'type_id': 'static.prop.trafficwarning', 'distance': 10.796621022451662, 'affects_ego': True, 'road_id': 65, 'lane_id': -2, 'section_id': 0, 'world2sign': [[0.897966742515564, -0.4400632977485657, 3.814696901827119e-05, -280.8519287109375], [0.4400632977485657, 0.897966742515564, 4.95347885589581e-05, 62.89051818847656], [-5.60531516384799e-05, -2.769351158349309e-05, 1.0, 0.00658290833234787], [0.0, 0.0, 0.0, 1.0]]}]
[debug] combined_actors = [{'class': 'traffic_sign', 'id': '7802', 'location': [224.51988220214844, -180.06622314453125, 0.001015472342260182], 'rotation': [0.0021856604143977165, -0.0028381342999637127, -26.107919692993164], 'bbx_loc': [0.0, 0.0, 1.784765601158142], 'center': [224.519775390625, -180.06626892089844, 1.7857810258865356], 'extent': [1.6972460746765137, 0.7666210532188416, 1.784765601158142], 'world_cord': [[226.38111877441406, -180.12481689453125, 3.5706493854522705], [226.38131713867188, -180.12472534179688, 0.0011181915178894997], [225.70639038085938, -181.50161743164062, 3.570573329925537], [225.7065887451172, -181.50152587890625, 0.0010422427440062165], [223.33297729492188, -178.6310272216797, 3.5705199241638184], [223.3331756591797, -178.63092041015625, 0.0009887019405141473], [222.6582489013672, -180.00782775878906, 3.570443868637085], [222.658447265625, -180.00772094726562, 0.0009127531666308641]], 'semantic_tags': [], 'type_id': 'static.prop.trafficwarning', 'distance': 10.796621022451662, 'affects_ego': True, 'road_id': 65, 'lane_id': -2, 'section_id': 0, 'world2sign': [[0.897966742515564, -0.4400632977485657, 3.814696901827119e-05, -280.8519287109375], [0.4400632977485657, 0.897966742515564, 4.95347885589581e-05, 62.89051818847656], [-5.60531516384799e-05, -2.769351158349309e-05, 1.0, 0.00658290833234787], [0.0, 0.0, 0.0, 1.0]], 'position': (10.647944666660592, 1.784323771889774, 0.06702435184380073), 'yaw': 0.6247925054346938}]
[debug] finally, hazardous_actors = [{'class': 'traffic_sign', 'id': '7802', 'location': [224.51988220214844, -180.06622314453125, 0.001015472342260182], 'rotation': [0.0021856604143977165, -0.0028381342999637127, -26.107919692993164], 'bbx_loc': [0.0, 0.0, 1.784765601158142], 'center': [224.519775390625, -180.06626892089844, 1.7857810258865356], 'extent': [1.6972460746765137, 0.7666210532188416, 1.784765601158142], 'world_cord': [[226.38111877441406, -180.12481689453125, 3.5706493854522705], [226.38131713867188, -180.12472534179688, 0.0011181915178894997], [225.70639038085938, -181.50161743164062, 3.570573329925537], [225.7065887451172, -181.50152587890625, 0.0010422427440062165], [223.33297729492188, -178.6310272216797, 3.5705199241638184], [223.3331756591797, -178.63092041015625, 0.0009887019405141473], [222.6582489013672, -180.00782775878906, 3.570443868637085], [222.658447265625, -180.00772094726562, 0.0009127531666308641]], 'semantic_tags': [], 'type_id': 'static.prop.trafficwarning', 'distance': 10.796621022451662, 'affects_ego': True, 'road_id': 65, 'lane_id': -2, 'section_id': 0, 'world2sign': [[0.897966742515564, -0.4400632977485657, 3.814696901827119e-05, -280.8519287109375], [0.4400632977485657, 0.897966742515564, 4.95347885589581e-05, 62.89051818847656], [-5.60531516384799e-05, -2.769351158349309e-05, 1.0, 0.00658290833234787], [0.0, 0.0, 0.0, 1.0]], 'position': (10.647944666660592, 1.784323771889774, 0.06702435184380073), 'yaw': 0.6247925054346938}]
[debug] speed limit is 10000
[debug] res = (False, [])
[debug] current frame if 50
[debug] static object in hazard: {'class': 'traffic_sign', 'id': '7802', 'location': [224.51988220214844, -180.06622314453125, 0.001015472342260182], 'rotation': [0.0021856604143977165, -0.0028381342999637127, -26.107919692993164], 'bbx_loc': [0.0, 0.0, 1.784765601158142], 'center': [224.519775390625, -180.06626892089844, 1.7857810258865356], 'extent': [1.6972460746765137, 0.7666210532188416, 1.784765601158142], 'world_cord': [[226.38111877441406, -180.12481689453125, 3.5706493854522705], [226.38131713867188, -180.12472534179688, 0.0011181915178894997], [225.70639038085938, -181.50161743164062, 3.570573329925537], [225.7065887451172, -181.50152587890625, 0.0010422427440062165], [223.33297729492188, -178.6310272216797, 3.5705199241638184], [223.3331756591797, -178.63092041015625, 0.0009887019405141473], [222.6582489013672, -180.00782775878906, 3.570443868637085], [222.658447265625, -180.00772094726562, 0.0009127531666308641]], 'semantic_tags': [], 'type_id': 'static.prop.trafficwarning', 'distance': 8.993344150852781, 'affects_ego': True, 'road_id': 65, 'lane_id': -2, 'section_id': 0, 'world2sign': [[0.897966742515564, -0.4400632977485657, 3.814696901827119e-05, -280.8519287109375], [0.4400632977485657, 0.897966742515564, 4.95347885589581e-05, 62.89051818847656], [-5.60531516384799e-05, -2.769351158349309e-05, 1.0, 0.00658290833234787], [0.0, 0.0, 0.0, 1.0]]}
[debug] static object in hazard: {'class': 'traffic_sign', 'id': '7802', 'location': [224.51988220214844, -180.06622314453125, 0.001015472342260182], 'rotation': [0.0021856604143977165, -0.0028381342999637127, -26.107919692993164], 'bbx_loc': [0.0, 0.0, 1.784765601158142], 'center': [224.519775390625, -180.06626892089844, 1.7857810258865356], 'extent': [1.6972460746765137, 0.7666210532188416, 1.784765601158142], 'world_cord': [[226.38111877441406, -180.12481689453125, 3.5706493854522705], [226.38131713867188, -180.12472534179688, 0.0011181915178894997], [225.70639038085938, -181.50161743164062, 3.570573329925537], [225.7065887451172, -181.50152587890625, 0.0010422427440062165], [223.33297729492188, -178.6310272216797, 3.5705199241638184], [223.3331756591797, -178.63092041015625, 0.0009887019405141473], [222.6582489013672, -180.00782775878906, 3.570443868637085], [222.658447265625, -180.00772094726562, 0.0009127531666308641]], 'semantic_tags': [], 'type_id': 'static.prop.trafficwarning', 'distance': 8.993344150852781, 'affects_ego': True, 'road_id': 65, 'lane_id': -2, 'section_id': 0, 'world2sign': [[0.897966742515564, -0.4400632977485657, 3.814696901827119e-05, -280.8519287109375], [0.4400632977485657, 0.897966742515564, 4.95347885589581e-05, 62.89051818847656], [-5.60531516384799e-05, -2.769351158349309e-05, 1.0, 0.00658290833234787], [0.0, 0.0, 0.0, 1.0]]}
[debug] static object in hazard: {'class': 'traffic_sign', 'id': '7803', 'location': [227.6002655029297, -173.78042602539062, 0.009609656408429146], 'rotation': [0.0016938868211582303, -0.0030517573468387127, 153.8846893310547], 'bbx_loc': [0.0, 0.0, 0.06587890535593033], 'center': [227.6002655029297, -173.78042602539062, 0.07548855990171432], 'extent': [1.1670702695846558, 0.2710546851158142, 0.0744921863079071], 'world_cord': [[226.4330291748047, -173.5100860595703, 0.15002967417240143], [226.4330291748047, -173.5100860595703, 0.0010453155264258385], [226.67166137695312, -173.0233154296875, 0.15000081062316895], [226.67164611816406, -173.02333068847656, 0.0010164417326450348], [228.5288848876953, -174.5375213623047, 0.14996066689491272], [228.52886962890625, -174.5375213623047, 0.0009763091802597046], [228.7675018310547, -174.05075073242188, 0.14993180334568024], [228.7675018310547, -174.05076599121094, 0.0009474353864789009]], 'semantic_tags': [], 'type_id': 'static.prop.dirtdebris02', 'distance': 15.82677353087718, 'affects_ego': False, 'road_id': 65, 'lane_id': -2, 'section_id': 0, 'world2sign': [[-0.8979099988937378, 0.4401790499687195, 2.9563901989604346e-05, 280.8590393066406], [-0.4401790499687195, -0.8979099988937378, 5.3263214795151725e-05, -55.85431671142578], [4.999107477487996e-05, 3.481216117506847e-05, 1.0, -0.014937966130673885], [0.0, 0.0, 0.0, 1.0]]}
[debug] hazardous_actors = [{'class': 'traffic_sign', 'id': '7802', 'location': [224.51988220214844, -180.06622314453125, 0.001015472342260182], 'rotation': [0.0021856604143977165, -0.0028381342999637127, -26.107919692993164], 'bbx_loc': [0.0, 0.0, 1.784765601158142], 'center': [224.519775390625, -180.06626892089844, 1.7857810258865356], 'extent': [1.6972460746765137, 0.7666210532188416, 1.784765601158142], 'world_cord': [[226.38111877441406, -180.12481689453125, 3.5706493854522705], [226.38131713867188, -180.12472534179688, 0.0011181915178894997], [225.70639038085938, -181.50161743164062, 3.570573329925537], [225.7065887451172, -181.50152587890625, 0.0010422427440062165], [223.33297729492188, -178.6310272216797, 3.5705199241638184], [223.3331756591797, -178.63092041015625, 0.0009887019405141473], [222.6582489013672, -180.00782775878906, 3.570443868637085], [222.658447265625, -180.00772094726562, 0.0009127531666308641]], 'semantic_tags': [], 'type_id': 'static.prop.trafficwarning', 'distance': 8.993344150852781, 'affects_ego': True, 'road_id': 65, 'lane_id': -2, 'section_id': 0, 'world2sign': [[0.897966742515564, -0.4400632977485657, 3.814696901827119e-05, -280.8519287109375], [0.4400632977485657, 0.897966742515564, 4.95347885589581e-05, 62.89051818847656], [-5.60531516384799e-05, -2.769351158349309e-05, 1.0, 0.00658290833234787], [0.0, 0.0, 0.0, 1.0]]}]
[debug] combined_actors = [{'class': 'traffic_sign', 'id': '7802', 'location': [224.51988220214844, -180.06622314453125, 0.001015472342260182], 'rotation': [0.0021856604143977165, -0.0028381342999637127, -26.107919692993164], 'bbx_loc': [0.0, 0.0, 1.784765601158142], 'center': [224.519775390625, -180.06626892089844, 1.7857810258865356], 'extent': [1.6972460746765137, 0.7666210532188416, 1.784765601158142], 'world_cord': [[226.38111877441406, -180.12481689453125, 3.5706493854522705], [226.38131713867188, -180.12472534179688, 0.0011181915178894997], [225.70639038085938, -181.50161743164062, 3.570573329925537], [225.7065887451172, -181.50152587890625, 0.0010422427440062165], [223.33297729492188, -178.6310272216797, 3.5705199241638184], [223.3331756591797, -178.63092041015625, 0.0009887019405141473], [222.6582489013672, -180.00782775878906, 3.570443868637085], [222.658447265625, -180.00772094726562, 0.0009127531666308641]], 'semantic_tags': [], 'type_id': 'static.prop.trafficwarning', 'distance': 8.993344150852781, 'affects_ego': True, 'road_id': 65, 'lane_id': -2, 'section_id': 0, 'world2sign': [[0.897966742515564, -0.4400632977485657, 3.814696901827119e-05, -280.8519287109375], [0.4400632977485657, 0.897966742515564, 4.95347885589581e-05, 62.89051818847656], [-5.60531516384799e-05, -2.769351158349309e-05, 1.0, 0.00658290833234787], [0.0, 0.0, 0.0, 1.0]], 'position': (8.817820784834396, 1.7480992818570371, 0.2653807838126778), 'yaw': 0.6283618736646996}]
[debug] finally, hazardous_actors = [{'class': 'traffic_sign', 'id': '7802', 'location': [224.51988220214844, -180.06622314453125, 0.001015472342260182], 'rotation': [0.0021856604143977165, -0.0028381342999637127, -26.107919692993164], 'bbx_loc': [0.0, 0.0, 1.784765601158142], 'center': [224.519775390625, -180.06626892089844, 1.7857810258865356], 'extent': [1.6972460746765137, 0.7666210532188416, 1.784765601158142], 'world_cord': [[226.38111877441406, -180.12481689453125, 3.5706493854522705], [226.38131713867188, -180.12472534179688, 0.0011181915178894997], [225.70639038085938, -181.50161743164062, 3.570573329925537], [225.7065887451172, -181.50152587890625, 0.0010422427440062165], [223.33297729492188, -178.6310272216797, 3.5705199241638184], [223.3331756591797, -178.63092041015625, 0.0009887019405141473], [222.6582489013672, -180.00782775878906, 3.570443868637085], [222.658447265625, -180.00772094726562, 0.0009127531666308641]], 'semantic_tags': [], 'type_id': 'static.prop.trafficwarning', 'distance': 8.993344150852781, 'affects_ego': True, 'road_id': 65, 'lane_id': -2, 'section_id': 0, 'world2sign': [[0.897966742515564, -0.4400632977485657, 3.814696901827119e-05, -280.8519287109375], [0.4400632977485657, 0.897966742515564, 4.95347885589581e-05, 62.89051818847656], [-5.60531516384799e-05, -2.769351158349309e-05, 1.0, 0.00658290833234787], [0.0, 0.0, 0.0, 1.0]], 'position': (8.817820784834396, 1.7480992818570371, 0.2653807838126778), 'yaw': 0.6283618736646996}]
[debug] speed limit is 10000
[debug] res = (False, [])
[debug] current frame if 55
[debug] static object in hazard: {'class': 'traffic_sign', 'id': '7802', 'location': [224.51988220214844, -180.06622314453125, 0.001015472342260182], 'rotation': [0.0021856604143977165, -0.0028381342999637127, -26.107919692993164], 'bbx_loc': [0.0, 0.0, 1.784765601158142], 'center': [224.519775390625, -180.06626892089844, 1.7857810258865356], 'extent': [1.6972460746765137, 0.7666210532188416, 1.784765601158142], 'world_cord': [[226.38111877441406, -180.12481689453125, 3.5706493854522705], [226.38131713867188, -180.12472534179688, 0.0011181915178894997], [225.70639038085938, -181.50161743164062, 3.570573329925537], [225.7065887451172, -181.50152587890625, 0.0010422427440062165], [223.33297729492188, -178.6310272216797, 3.5705199241638184], [223.3331756591797, -178.63092041015625, 0.0009887019405141473], [222.6582489013672, -180.00782775878906, 3.570443868637085], [222.658447265625, -180.00772094726562, 0.0009127531666308641]], 'semantic_tags': [], 'type_id': 'static.prop.trafficwarning', 'distance': 8.940884235419587, 'affects_ego': True, 'road_id': 65, 'lane_id': -2, 'section_id': 0, 'world2sign': [[0.897966742515564, -0.4400632977485657, 3.814696901827119e-05, -280.8519287109375], [0.4400632977485657, 0.897966742515564, 4.95347885589581e-05, 62.89051818847656], [-5.60531516384799e-05, -2.769351158349309e-05, 1.0, 0.00658290833234787], [0.0, 0.0, 0.0, 1.0]]}
[debug] static object in hazard: {'class': 'traffic_sign', 'id': '7802', 'location': [224.51988220214844, -180.06622314453125, 0.001015472342260182], 'rotation': [0.0021856604143977165, -0.0028381342999637127, -26.107919692993164], 'bbx_loc': [0.0, 0.0, 1.784765601158142], 'center': [224.519775390625, -180.06626892089844, 1.7857810258865356], 'extent': [1.6972460746765137, 0.7666210532188416, 1.784765601158142], 'world_cord': [[226.38111877441406, -180.12481689453125, 3.5706493854522705], [226.38131713867188, -180.12472534179688, 0.0011181915178894997], [225.70639038085938, -181.50161743164062, 3.570573329925537], [225.7065887451172, -181.50152587890625, 0.0010422427440062165], [223.33297729492188, -178.6310272216797, 3.5705199241638184], [223.3331756591797, -178.63092041015625, 0.0009887019405141473], [222.6582489013672, -180.00782775878906, 3.570443868637085], [222.658447265625, -180.00772094726562, 0.0009127531666308641]], 'semantic_tags': [], 'type_id': 'static.prop.trafficwarning', 'distance': 8.940884235419587, 'affects_ego': True, 'road_id': 65, 'lane_id': -2, 'section_id': 0, 'world2sign': [[0.897966742515564, -0.4400632977485657, 3.814696901827119e-05, -280.8519287109375], [0.4400632977485657, 0.897966742515564, 4.95347885589581e-05, 62.89051818847656], [-5.60531516384799e-05, -2.769351158349309e-05, 1.0, 0.00658290833234787], [0.0, 0.0, 0.0, 1.0]]}
