[{'class': 'ego_vehicle', 'id': '955', 'type_id': 'vehicle.lincoln.mkz_2020', 'base_type': 'car', 'location': [47.13758087158203, 207.413330078125, 0.1543002724647522], 'rotation': [0.8932998776435852, -0.00024414061044808477, -0.14263916015625], 'bbx_loc': [-0.006291293539106846, -5.274182058201404e-06, 0.7488453984260559], 'center': [47.1196174621582, 207.41336059570312, 0.9029565453529358], 'extent': [2.44619083404541, 0.9183566570281982, 0.7451388239860535], 'world_cord': [[49.55617141723633, 208.32565307617188, 1.6861457824707031], [49.57940673828125, 208.3256072998047, 0.196049302816391], [49.551597595214844, 206.48895263671875, 1.6861379146575928], [49.574832916259766, 206.4888916015625, 0.19604146480560303], [44.664398193359375, 208.33782958984375, 1.6098716259002686], [44.6876335144043, 208.33778381347656, 0.11977514624595642], [44.659828186035156, 206.50112915039062, 1.6098637580871582], [44.68305969238281, 206.50108337402344, 0.11976732313632965]], 'semantic_tags': [[14]], 'color': '0,0,0', 'speed': -2.9396859332411132e-05, 'brake': 0.0, 'road_id': 67, 'lane_id': 3, 'section_id': 0, 'world2ego': [[0.9998753666877747, -0.002489218022674322, 0.015590392053127289, -46.61781692504883], [0.002489454112946987, 0.9999969005584717, 4.2605392991390545e-06, -207.530029296875], [-0.01559035386890173, 3.455155456322245e-05, 0.999878466129303, 0.5734436511993408], [0.0, 0.0, 0.0, 1.0]]}, {'class': 'vehicle', 'state': 'dynamic', 'id': '959', 'location': [115.10541534423828, 208.29400634765625, 1.6433213949203491], 'rotation': [1.28030526638031, 0.004129843320697546, -0.14263916015625], 'bbx_loc': [0.028387319296598434, -5.15044666826725e-06, 1.0167160034179688], 'center': [115.11107635498047, 208.2940673828125, 2.6604177951812744], 'extent': [2.782914400100708, 1.0749834775924683, 1.0225735902786255], 'world_cord': [[117.87312316894531, 209.36224365234375, 3.7448391914367676], [117.91881561279297, 209.3619842529297, 1.7002027034759521], [117.86776733398438, 207.2122802734375, 3.7449936866760254], [117.91345977783203, 207.21202087402344, 1.7003575563430786], [112.30870056152344, 209.3760986328125, 3.6204779148101807], [112.3543930053711, 209.37583923339844, 1.5758415460586548], [112.3033447265625, 207.22613525390625, 3.6206326484680176], [112.34903717041016, 207.2258758544922, 1.5759963989257812]], 'semantic_tags': [14], 'type_id': 'vehicle.nissan.patrol_2021', 'color': '159,0,0', 'base_type': 'car', 'num_points': 0, 'distance': 67.97353980479548, 'speed': -0.00015120631834196659, 'brake': 0.0, 'light_state': 'NONE', 'road_id': 67, 'lane_id': 3, 'section_id': 0, 'world2vehicle': [[0.9997472167015076, -0.0024888988118618727, 0.02234368398785591, -114.59461212158203], [0.0024911309592425823, 0.9999969005584717, -7.20613679732196e-05, -208.57998657226562], [-0.022343436256051064, 0.00012770420289598405, 0.9997503161430359, 0.9023393392562866], [0.0, 0.0, 0.0, 1.0]]}, {'class': 'vehicle', 'state': 'dynamic', 'id': '958', 'location': [109.10330963134766, 208.30825805664062, 1.508746862411499], 'rotation': [1.271064043045044, -0.005096435546875, -0.142578125], 'bbx_loc': [-0.031249765306711197, -1.0265246601193212e-05, 0.8910347819328308], 'center': [109.05229949951172, 208.30828857421875, 2.398869276046753], 'extent': [2.2763495445251465, 1.0485360622406006, 0.8835831880569458], 'world_cord': [[111.31108856201172, 209.35113525390625, 3.3328232765197754], [111.35028839111328, 209.3511962890625, 1.5660916566848755], [111.30587768554688, 207.2540740966797, 3.332636594772339], [111.34507751464844, 207.25413513183594, 1.5659050941467285], [106.75952911376953, 209.36245727539062, 3.2318332195281982], [106.7987289428711, 209.36251831054688, 1.465101718902588], [106.75431060791016, 207.26539611816406, 3.2316465377807617], [106.79351043701172, 207.2654571533203, 1.464915156364441]], 'semantic_tags': [14], 'type_id': 'vehicle.mini.cooper_s_2021', 'color': '0,28,0', 'base_type': 'car', 'num_points': 0, 'distance': 61.972190834402284, 'speed': 0.0, 'brake': 0.0, 'light_state': 'NONE', 'road_id': 67, 'lane_id': 3, 'section_id': 0, 'world2vehicle': [[0.9997508525848389, -0.0024878426920622587, 0.022182432934641838, -108.59135437011719], [0.0024864820297807455, 0.9999969005584717, 8.892769255908206e-05, -208.57904052734375], [-0.022182585671544075, -3.37493147526402e-05, 0.9997539520263672, 0.9188480377197266], [0.0, 0.0, 0.0, 1.0]]}, {'class': 'vehicle', 'state': 'dynamic', 'id': '957', 'location': [99.10355377197266, 208.33367919921875, 1.2819057703018188], 'rotation': [1.2874085903167725, -0.00048828122089616954, -0.1426086276769638], 'bbx_loc': [0.10950105637311935, -6.524810942210024e-06, 0.8174071907997131], 'center': [99.19466400146484, 208.33343505859375, 2.101566791534424], 'extent': [2.6187572479248047, 0.9648797512054443, 0.819191575050354], 'world_cord': [[101.79674530029297, 209.29183959960938, 2.9793972969055176], [101.83355712890625, 209.29176330566406, 1.3414275646209717], [101.79194641113281, 207.36209106445312, 2.9793808460235596], [101.82875061035156, 207.36199951171875, 1.3414111137390137], [96.5605697631836, 209.30487060546875, 2.861722707748413], [96.59738159179688, 209.30479431152344, 1.2237529754638672], [96.55577087402344, 207.3751220703125, 2.861706256866455], [96.59257507324219, 207.3750457763672, 1.2237365245819092]], 'semantic_tags': [14], 'type_id': 'vehicle.dodge.charger_police_2020', 'color': '0,0,0', 'base_type': 'car', 'num_points': 5, 'distance': 51.974122233942836, 'speed': 0.0, 'brake': 0.0, 'light_state': '1537', 'road_id': 67, 'lane_id': 3, 'section_id': 0, 'world2vehicle': [[0.9997444748878479, -0.0024883593432605267, 0.022467628121376038, -98.588623046875], [0.0024887961335480213, 0.9999969005584717, 8.519963557773735e-06, -208.57969665527344], [-0.022467579692602158, 4.7399556933669373e-05, 0.9997475743293762, 0.9351600408554077], [0.0, 0.0, 0.0, 1.0]]}, {'class': 'traffic_light', 'id': '923', 'location': [-10.194300651550293, 143.27597045898438, 6.181000709533691], 'rotation': [0.0, 0.0, -179.9999542236328], 'center': [-10.194300651550293, 143.27597045898438, 6.181000709533691], 'extent': [0.13858550786972046, 0.18996092677116394, 0.43546751141548157], 'semantic_tags': [6, 7], 'type_id': 'traffic.traffic_light', 'distance': 89.30847376467268, 'state': 0, 'affects_ego': False, 'trigger_volume_location': [-7.959988594055176, 116.45276641845703, 1.1999987363815308], 'trigger_volume_rotation': [0.0, 0.0, 180.0000457763672], 'trigger_volume_extent': [3.0, 0.5, 1.0], 'road_id': 130, 'lane_id': -1, 'section_id': 0}, {'class': 'traffic_light', 'id': '922', 'location': [14.735962867736816, 137.09429931640625, 6.081000804901123], 'rotation': [0.0, 0.0, 89.99993133544922], 'center': [14.735962867736816, 137.09429931640625, 6.081000804901123], 'extent': [0.18995727598667145, 0.1385839879512787, 0.43546751141548157], 'semantic_tags': [6, 7], 'type_id': 'traffic.traffic_light', 'distance': 72.82722563792953, 'state': 0, 'affects_ego': False, 'trigger_volume_location': [-20.22938346862793, 134.77000427246094, 1.100000023841858], 'trigger_volume_rotation': [0.0, 0.0, 89.99993133544922], 'trigger_volume_extent': [1.0, 0.5, 1.0], 'road_id': 222, 'lane_id': 1, 'section_id': 0}, {'class': 'traffic_light', 'id': '920', 'location': [5.3343000411987305, 119.26403045654297, 6.181000709533691], 'rotation': [0.0, 0.0, 0.0], 'center': [5.3343000411987305, 119.26403045654297, 6.181000709533691], 'extent': [0.1385851949453354, 0.18996092677116394, 0.43546751141548157], 'semantic_tags': [6, 7], 'type_id': 'traffic.traffic_light', 'distance': 95.69137983034439, 'state': 2, 'affects_ego': False, 'trigger_volume_location': [3.950000286102295, 149.08364868164062, 1.2000000476837158], 'trigger_volume_rotation': [0.0, 0.0, 0.0], 'trigger_volume_extent': [3.0, 0.5, 1.0], 'road_id': 183, 'lane_id': 5, 'section_id': 0}, {'class': 'traffic_sign', 'id': '911', 'location': [43.43693161010742, 188.63162231445312, 2.0967187881469727], 'rotation': [0.0, 0.0, -89.94080352783203], 'center': [43.43693161010742, 188.63162231445312, 2.0967187881469727], 'extent': [0.3410658836364746, 0.03797625005245209, 0.3410659730434418], 'semantic_tags': [8, 6], 'type_id': 'traffic.speed_limit.30', 'distance': 19.152603044291336, 'affects_ego': False, 'trigger_volume_location': [43.37977600097656, 194.9608612060547, 0.8767186999320984], 'trigger_volume_rotation': [0.0, 0.0, 270.0592041015625], 'trigger_volume_extent': [3.1432440280914307, 0.3199999928474426, 0.6984608769416809], 'road_id': 67, 'lane_id': -2, 'section_id': 0, 'world2sign': [[0.0010331430239602923, -0.999999463558197, 0.0, 188.5866241455078], [0.999999463558197, 0.0010331430239602923, -0.0, -43.58179473876953], [0.0, 0.0, 1.0, -0.2267187386751175], [0.0, 0.0, 0.0, 1.0]]}, {'class': 'traffic_sign', 'id': '909', 'location': [90.69090270996094, 188.48008728027344, 3.1281938552856445], 'rotation': [0.0, 0.0, -43.83180236816406], 'center': [90.69090270996094, 188.48008728027344, 3.1281938552856445], 'extent': [0.3410658836364746, 0.03797625005245209, 0.3410659730434418], 'semantic_tags': [8, 6], 'type_id': 'traffic.speed_limit.60', 'distance': 47.44354391391184, 'affects_ego': False, 'trigger_volume_location': [94.2490463256836, 193.68252563476562, 1.8581938743591309], 'trigger_volume_rotation': [0.0, 0.0, 316.168212890625], 'trigger_volume_extent': [3.1432440280914307, 0.3199999928474426, 0.6984608769416809], 'road_id': 67, 'lane_id': -2, 'section_id': 0, 'world2sign': [[-0.06683053821325302, -0.9977643489837646, 0.0, 194.11962890625], [0.9977643489837646, -0.06683053821325302, -0.0, -77.8419189453125], [0.0, 0.0, 1.0, -1.2581939697265625], [0.0, 0.0, 0.0, 1.0]]}, {'class': 'traffic_sign', 'id': '956', 'location': [57.11006546020508, 211.43862915039062, 0.5476076602935791], 'rotation': [1.2747386693954468, 5.337406250305321e-08, 89.85700988769531], 'bbx_loc': [-5.0354001359664835e-06, 0.0065890345722436905, 0.9293766021728516], 'center': [57.103424072265625, 211.41796875, 1.4767541885375977], 'extent': [0.5259472727775574, 0.6329687237739563, 0.944386899471283], 'world_cord': [[56.471717834472656, 211.92434692382812, 2.432607889175415], [56.47182083129883, 211.96636962890625, 0.544301450252533], [57.73765182495117, 211.9211883544922, 2.432607889175415], [57.737754821777344, 211.9632110595703, 0.5443015098571777], [56.469093322753906, 210.8727264404297, 2.4092068672180176], [56.469200134277344, 210.91473388671875, 0.5209004282951355], [57.73502731323242, 210.86956787109375, 2.4092068672180176], [57.735130310058594, 210.9115753173828, 0.5209004282951355]], 'semantic_tags': [], 'type_id': 'static.prop.warningaccident', 'distance': 10.754230864711184, 'affects_ego': True, 'road_id': 67, 'lane_id': 3, 'section_id': 0, 'world2sign': [[0.0024949824437499046, 0.9997494220733643, 0.022246552631258965, -211.54031372070312], [-0.9999969005584717, 0.0024956001434475183, -9.313225746154785e-10, 56.58222198486328], [-5.551943104364909e-05, -0.022246483713388443, 0.9997525215148926, 4.159464359283447], [0.0, 0.0, 0.0, 1.0]]}]
{'class': 'ego_vehicle', 'id': '955', 'type_id': 'vehicle.lincoln.mkz_2020', 'base_type': 'car', 'location': [47.13758087158203, 207.413330078125, 0.1543002724647522], 'rotation': [0.8932998776435852, -0.00024414061044808477, -0.14263916015625], 'bbx_loc': [-0.006291293539106846, -5.274182058201404e-06, 0.7488453984260559], 'center': [47.1196174621582, 207.41336059570312, 0.9029565453529358], 'extent': [2.44619083404541, 0.9183566570281982, 0.7451388239860535], 'world_cord': [[49.55617141723633, 208.32565307617188, 1.6861457824707031], [49.57940673828125, 208.3256072998047, 0.196049302816391], [49.551597595214844, 206.48895263671875, 1.6861379146575928], [49.574832916259766, 206.4888916015625, 0.19604146480560303], [44.664398193359375, 208.33782958984375, 1.6098716259002686], [44.6876335144043, 208.33778381347656, 0.11977514624595642], [44.659828186035156, 206.50112915039062, 1.6098637580871582], [44.68305969238281, 206.50108337402344, 0.11976732313632965]], 'semantic_tags': [[14]], 'color': '0,0,0', 'speed': -2.9396859332411132e-05, 'brake': 0.0, 'road_id': 67, 'lane_id': 3, 'section_id': 0, 'world2ego': [[0.9998753666877747, -0.002489218022674322, 0.015590392053127289, -46.61781692504883], [0.002489454112946987, 0.9999969005584717, 4.2605392991390545e-06, -207.530029296875], [-0.01559035386890173, 3.455155456322245e-05, 0.999878466129303, 0.5734436511993408], [0.0, 0.0, 0.0, 1.0]]}
{'class': 'vehicle', 'state': 'dynamic', 'id': '959', 'location': [115.10541534423828, 208.29400634765625, 1.6433213949203491], 'rotation': [1.28030526638031, 0.004129843320697546, -0.14263916015625], 'bbx_loc': [0.028387319296598434, -5.15044666826725e-06, 1.0167160034179688], 'center': [115.11107635498047, 208.2940673828125, 2.6604177951812744], 'extent': [2.782914400100708, 1.0749834775924683, 1.0225735902786255], 'world_cord': [[117.87312316894531, 209.36224365234375, 3.7448391914367676], [117.91881561279297, 209.3619842529297, 1.7002027034759521], [117.86776733398438, 207.2122802734375, 3.7449936866760254], [117.91345977783203, 207.21202087402344, 1.7003575563430786], [112.30870056152344, 209.3760986328125, 3.6204779148101807], [112.3543930053711, 209.37583923339844, 1.5758415460586548], [112.3033447265625, 207.22613525390625, 3.6206326484680176], [112.34903717041016, 207.2258758544922, 1.5759963989257812]], 'semantic_tags': [14], 'type_id': 'vehicle.nissan.patrol_2021', 'color': '159,0,0', 'base_type': 'car', 'num_points': 0, 'distance': 67.97353980479548, 'speed': -0.00015120631834196659, 'brake': 0.0, 'light_state': 'NONE', 'road_id': 67, 'lane_id': 3, 'section_id': 0, 'world2vehicle': [[0.9997472167015076, -0.0024888988118618727, 0.02234368398785591, -114.59461212158203], [0.0024911309592425823, 0.9999969005584717, -7.20613679732196e-05, -208.57998657226562], [-0.022343436256051064, 0.00012770420289598405, 0.9997503161430359, 0.9023393392562866], [0.0, 0.0, 0.0, 1.0]]}
{'class': 'vehicle', 'state': 'dynamic', 'id': '958', 'location': [109.10330963134766, 208.30825805664062, 1.508746862411499], 'rotation': [1.271064043045044, -0.005096435546875, -0.142578125], 'bbx_loc': [-0.031249765306711197, -1.0265246601193212e-05, 0.8910347819328308], 'center': [109.05229949951172, 208.30828857421875, 2.398869276046753], 'extent': [2.2763495445251465, 1.0485360622406006, 0.8835831880569458], 'world_cord': [[111.31108856201172, 209.35113525390625, 3.3328232765197754], [111.35028839111328, 209.3511962890625, 1.5660916566848755], [111.30587768554688, 207.2540740966797, 3.332636594772339], [111.34507751464844, 207.25413513183594, 1.5659050941467285], [106.75952911376953, 209.36245727539062, 3.2318332195281982], [106.7987289428711, 209.36251831054688, 1.465101718902588], [106.75431060791016, 207.26539611816406, 3.2316465377807617], [106.79351043701172, 207.2654571533203, 1.464915156364441]], 'semantic_tags': [14], 'type_id': 'vehicle.mini.cooper_s_2021', 'color': '0,28,0', 'base_type': 'car', 'num_points': 0, 'distance': 61.972190834402284, 'speed': 0.0, 'brake': 0.0, 'light_state': 'NONE', 'road_id': 67, 'lane_id': 3, 'section_id': 0, 'world2vehicle': [[0.9997508525848389, -0.0024878426920622587, 0.022182432934641838, -108.59135437011719], [0.0024864820297807455, 0.9999969005584717, 8.892769255908206e-05, -208.57904052734375], [-0.022182585671544075, -3.37493147526402e-05, 0.9997539520263672, 0.9188480377197266], [0.0, 0.0, 0.0, 1.0]]}
{'class': 'vehicle', 'state': 'dynamic', 'id': '957', 'location': [99.10355377197266, 208.33367919921875, 1.2819057703018188], 'rotation': [1.2874085903167725, -0.00048828122089616954, -0.1426086276769638], 'bbx_loc': [0.10950105637311935, -6.524810942210024e-06, 0.8174071907997131], 'center': [99.19466400146484, 208.33343505859375, 2.101566791534424], 'extent': [2.6187572479248047, 0.9648797512054443, 0.819191575050354], 'world_cord': [[101.79674530029297, 209.29183959960938, 2.9793972969055176], [101.83355712890625, 209.29176330566406, 1.3414275646209717], [101.79194641113281, 207.36209106445312, 2.9793808460235596], [101.82875061035156, 207.36199951171875, 1.3414111137390137], [96.5605697631836, 209.30487060546875, 2.861722707748413], [96.59738159179688, 209.30479431152344, 1.2237529754638672], [96.55577087402344, 207.3751220703125, 2.861706256866455], [96.59257507324219, 207.3750457763672, 1.2237365245819092]], 'semantic_tags': [14], 'type_id': 'vehicle.dodge.charger_police_2020', 'color': '0,0,0', 'base_type': 'car', 'num_points': 5, 'distance': 51.974122233942836, 'speed': 0.0, 'brake': 0.0, 'light_state': '1537', 'road_id': 67, 'lane_id': 3, 'section_id': 0, 'world2vehicle': [[0.9997444748878479, -0.0024883593432605267, 0.022467628121376038, -98.588623046875], [0.0024887961335480213, 0.9999969005584717, 8.519963557773735e-06, -208.57969665527344], [-0.022467579692602158, 4.7399556933669373e-05, 0.9997475743293762, 0.9351600408554077], [0.0, 0.0, 0.0, 1.0]]}
{'class': 'traffic_light', 'id': '923', 'location': [-10.194300651550293, 143.27597045898438, 6.181000709533691], 'rotation': [0.0, 0.0, -179.9999542236328], 'center': [-10.194300651550293, 143.27597045898438, 6.181000709533691], 'extent': [0.13858550786972046, 0.18996092677116394, 0.43546751141548157], 'semantic_tags': [6, 7], 'type_id': 'traffic.traffic_light', 'distance': 89.30847376467268, 'state': 0, 'affects_ego': False, 'trigger_volume_location': [-7.959988594055176, 116.45276641845703, 1.1999987363815308], 'trigger_volume_rotation': [0.0, 0.0, 180.0000457763672], 'trigger_volume_extent': [3.0, 0.5, 1.0], 'road_id': 130, 'lane_id': -1, 'section_id': 0}
{'class': 'traffic_light', 'id': '922', 'location': [14.735962867736816, 137.09429931640625, 6.081000804901123], 'rotation': [0.0, 0.0, 89.99993133544922], 'center': [14.735962867736816, 137.09429931640625, 6.081000804901123], 'extent': [0.18995727598667145, 0.1385839879512787, 0.43546751141548157], 'semantic_tags': [6, 7], 'type_id': 'traffic.traffic_light', 'distance': 72.82722563792953, 'state': 0, 'affects_ego': False, 'trigger_volume_location': [-20.22938346862793, 134.77000427246094, 1.100000023841858], 'trigger_volume_rotation': [0.0, 0.0, 89.99993133544922], 'trigger_volume_extent': [1.0, 0.5, 1.0], 'road_id': 222, 'lane_id': 1, 'section_id': 0}
{'class': 'traffic_light', 'id': '920', 'location': [5.3343000411987305, 119.26403045654297, 6.181000709533691], 'rotation': [0.0, 0.0, 0.0], 'center': [5.3343000411987305, 119.26403045654297, 6.181000709533691], 'extent': [0.1385851949453354, 0.18996092677116394, 0.43546751141548157], 'semantic_tags': [6, 7], 'type_id': 'traffic.traffic_light', 'distance': 95.69137983034439, 'state': 2, 'affects_ego': False, 'trigger_volume_location': [3.950000286102295, 149.08364868164062, 1.2000000476837158], 'trigger_volume_rotation': [0.0, 0.0, 0.0], 'trigger_volume_extent': [3.0, 0.5, 1.0], 'road_id': 183, 'lane_id': 5, 'section_id': 0}
{'class': 'traffic_sign', 'id': '911', 'location': [43.43693161010742, 188.63162231445312, 2.0967187881469727], 'rotation': [0.0, 0.0, -89.94080352783203], 'center': [43.43693161010742, 188.63162231445312, 2.0967187881469727], 'extent': [0.3410658836364746, 0.03797625005245209, 0.3410659730434418], 'semantic_tags': [8, 6], 'type_id': 'traffic.speed_limit.30', 'distance': 19.152603044291336, 'affects_ego': False, 'trigger_volume_location': [43.37977600097656, 194.9608612060547, 0.8767186999320984], 'trigger_volume_rotation': [0.0, 0.0, 270.0592041015625], 'trigger_volume_extent': [3.1432440280914307, 0.3199999928474426, 0.6984608769416809], 'road_id': 67, 'lane_id': -2, 'section_id': 0, 'world2sign': [[0.0010331430239602923, -0.999999463558197, 0.0, 188.5866241455078], [0.999999463558197, 0.0010331430239602923, -0.0, -43.58179473876953], [0.0, 0.0, 1.0, -0.2267187386751175], [0.0, 0.0, 0.0, 1.0]]}
{'class': 'traffic_sign', 'id': '909', 'location': [90.69090270996094, 188.48008728027344, 3.1281938552856445], 'rotation': [0.0, 0.0, -43.83180236816406], 'center': [90.69090270996094, 188.48008728027344, 3.1281938552856445], 'extent': [0.3410658836364746, 0.03797625005245209, 0.3410659730434418], 'semantic_tags': [8, 6], 'type_id': 'traffic.speed_limit.60', 'distance': 47.44354391391184, 'affects_ego': False, 'trigger_volume_location': [94.2490463256836, 193.68252563476562, 1.8581938743591309], 'trigger_volume_rotation': [0.0, 0.0, 316.168212890625], 'trigger_volume_extent': [3.1432440280914307, 0.3199999928474426, 0.6984608769416809], 'road_id': 67, 'lane_id': -2, 'section_id': 0, 'world2sign': [[-0.06683053821325302, -0.9977643489837646, 0.0, 194.11962890625], [0.9977643489837646, -0.06683053821325302, -0.0, -77.8419189453125], [0.0, 0.0, 1.0, -1.2581939697265625], [0.0, 0.0, 0.0, 1.0]]}
{'class': 'traffic_sign', 'id': '956', 'location': [57.11006546020508, 211.43862915039062, 0.5476076602935791], 'rotation': [1.2747386693954468, 5.337406250305321e-08, 89.85700988769531], 'bbx_loc': [-5.0354001359664835e-06, 0.0065890345722436905, 0.9293766021728516], 'center': [57.103424072265625, 211.41796875, 1.4767541885375977], 'extent': [0.5259472727775574, 0.6329687237739563, 0.944386899471283], 'world_cord': [[56.471717834472656, 211.92434692382812, 2.432607889175415], [56.47182083129883, 211.96636962890625, 0.544301450252533], [57.73765182495117, 211.9211883544922, 2.432607889175415], [57.737754821777344, 211.9632110595703, 0.5443015098571777], [56.469093322753906, 210.8727264404297, 2.4092068672180176], [56.469200134277344, 210.91473388671875, 0.5209004282951355], [57.73502731323242, 210.86956787109375, 2.4092068672180176], [57.735130310058594, 210.9115753173828, 0.5209004282951355]], 'semantic_tags': [], 'type_id': 'static.prop.warningaccident', 'distance': 10.754230864711184, 'affects_ego': True, 'road_id': 67, 'lane_id': 3, 'section_id': 0, 'world2sign': [[0.0024949824437499046, 0.9997494220733643, 0.022246552631258965, -211.54031372070312], [-0.9999969005584717, 0.0024956001434475183, -9.313225746154785e-10, 56.58222198486328], [-5.551943104364909e-05, -0.022246483713388443, 0.9997525215148926, 4.159464359283447], [0.0, 0.0, 0.0, 1.0]]}